SYMBOL,SERIES,DATE1,PREV_CLOSE,OPEN_PRICE,HIGH_PRICE,LOW_PRICE,LAST_PRICE,CLOSE_PRICE,AVG_PRICE,TTL_TRD_QNTY,TURNOVER_LACS,NO_OF_TRADES,DELIV_QTY,DELIV_PER,DELIV_LACS
HDFCBANK,EQ, 16-Oct-2020,1169.25,1180.0,1203.5,1173.0, 1203.35,1199.35,1189.99,12911559,153646.5,232163,5757664,44.59,68515
TCS,EQ, 16-Oct-2020,2740.6,2750.1,2771.65,2731.3, 2757.00,2763.3,2756.34,5273773,145363.29,111405,2268743,43.02,62534
INFY,EQ, 16-Oct-2020,1108.25,1113.85,1135.95,1096.9, 1129.50,1127.5,1118.76,18366133,205472.38,311640,4373549,23.81,48929
RELIANCE,EQ, 16-Oct-2020,2206.5,2215.0,2232.5,2172.65, 2178.00,2175.8,2197.33,9961080,218877.76,287579,2106731,21.15,46291
BHARTIARTL,EQ, 16-Oct-2020,399.2,404.45,407.3,398.35, 402.10,401.65,402.24,23347957,93915.16,236506,9809147,42.01,39456
HCLTECH,EQ, 16-Oct-2020,860.0,859.0,877.0,820.6, 830.05,827.15,836.13,28983265,242337.59,413675,4612604,15.91,38567
ICICIBANK,EQ, 16-Oct-2020,391.0,394.0,401.3,390.5, 395.35,396.1,396.07,25339477,100361.68,204107,7797161,30.77,30882
UPL,EQ, 16-Oct-2020,506.55,490.0,490.0,458.25, 467.75,466.95,472.59,22982753,108614.66,314245,5333473,23.21,25205
HDFC,EQ, 16-Oct-2020,1947.2,1948.4,1983.7,1939.35, 1958.60,1961.7,1959.14,3238617,63449.03,131973,1233662,38.09,24169
MINDTREE,EQ, 16-Oct-2020,1424.85,1424.8,1443.7,1262.3, 1325.10,1329.15,1324.83,9049480,119889.93,381716,1388195,15.34,18391
HINDUNILVR,EQ, 16-Oct-2020,2152.55,2171.9,2171.9,2144.05, 2151.00,2150.55,2157.17,1640402,35386.19,87935,795239,48.48,17154
TATAMOTORS,EQ, 16-Oct-2020,126.95,129.4,130.05,126.0, 127.80,127.75,127.72,62554211,79896.28,208292,12391424,19.81,15826
BAJFINANCE,EQ, 16-Oct-2020,3214.75,3236.35,3269.45,3170.1, 3228.00,3231.35,3231.46,5076251,164036.78,195389,476807,9.39,15407
TECHM,EQ, 16-Oct-2020,812.4,813.2,828.3,798.8, 822.50,822.75,817.39,7978997,65219.37,107675,1769011,22.17,14459
ASIANPAINT,EQ, 16-Oct-2020,2090.45,2089.95,2090.0,2055.55, 2064.00,2061.2,2069.68,2017718,41760.35,72151,691809,34.29,14318
AXISBANK,EQ, 16-Oct-2020,462.6,465.15,475.5,463.0, 471.15,472.4,469.99,16288158,76552.28,136285,2653078,16.29,12469
AMBUJACEM,EQ, 16-Oct-2020,243.35,243.3,249.0,240.15, 247.65,248.0,245.32,12591434,30889.08,67208,5060273,40.19,12413
TATASTEEL,EQ, 16-Oct-2020,373.9,377.1,395.9,375.2, 393.80,393.85,387.04,28855527,111683.34,271674,3180136,11.02,12308
SUNPHARMA,EQ, 16-Oct-2020,490.3,491.0,494.75,485.25, 486.50,486.9,489.14,9086863,44447.07,87965,2430567,26.75,11888
VOLTAS,EQ, 16-Oct-2020,672.4,687.95,704.1,683.0, 701.00,700.5,692.97,8434698,58450.05,121473,1704630,20.21,11812
ROUTE,EQ, 16-Oct-2020,763.95,770.0,770.0,687.6, 707.00,708.4,699.81,3319561,23230.51,60336,1556324,46.88,10891
DRREDDY,EQ, 16-Oct-2020,5056.25,5036.0,5125.0,5020.0, 5098.60,5080.55,5079.67,2023115,102767.59,95508,210960,10.43,10716
NESTLEIND,EQ, 16-Oct-2020,15602.75,15650.0,15820.4,15375.0, 15462.00,15430.25,15542.01,132361,20571.56,27747,68249,51.56,10607
TITAN,EQ, 16-Oct-2020,1213.6,1216.05,1240.05,1216.0, 1223.00,1223.15,1228.59,2772602,34063.79,66294,855127,30.84,10506
ITC,EQ, 16-Oct-2020,165.05,165.5,166.8,163.8, 165.85,165.7,165.24,20227113,33423.0,113656,6292551,31.11,10397
ZEEL,EQ, 16-Oct-2020,179.95,181.5,182.95,173.5, 175.30,175.7,176.63,29518941,52140.72,163941,5645280,19.12,9971
HEROMOTOCO,EQ, 16-Oct-2020,3314.3,3315.0,3394.9,3301.0, 3352.00,3346.45,3358.97,1461911,49105.16,90811,294201,20.12,9882
LTI,EQ, 16-Oct-2020,3296.45,3325.0,3364.5,3025.1, 3100.00,3075.15,3170.76,796043,25240.61,93157,305667,38.4,9691
MARUTI,EQ, 16-Oct-2020,6892.6,6895.0,6980.0,6863.0, 6905.00,6894.9,6920.24,657914,45529.23,49182,138393,21.04,9577
DIVISLAB,EQ, 16-Oct-2020,3111.4,3114.9,3232.9,3114.9, 3224.40,3222.7,3190.79,1664500,53110.73,83823,293709,17.65,9371
WIPRO,EQ, 16-Oct-2020,341.6,342.9,348.1,338.6, 339.10,339.65,342.55,25245262,86478.56,172325,2710082,10.74,9283
DMART,EQ, 16-Oct-2020,1977.7,1980.0,1999.0,1970.0, 1988.00,1984.2,1977.29,614032,12141.22,33319,422859,68.87,8361
JSWSTEEL,EQ, 16-Oct-2020,291.55,291.5,312.45,290.75, 311.35,311.05,302.64,19877383,60157.25,126171,2741713,13.79,8297
IOC,EQ, 16-Oct-2020,74.55,74.6,75.2,73.85, 74.30,74.2,74.26,23227741,17250.06,51827,10712302,46.12,7954
KOTAKBANK,EQ, 16-Oct-2020,1309.55,1308.5,1343.3,1308.5, 1336.45,1336.55,1330.36,2358054,31370.61,68748,593348,25.16,7893
SBIN,EQ, 16-Oct-2020,192.85,194.0,196.75,191.6, 195.70,195.95,194.69,36894938,71829.54,191841,3907003,10.59,7606
OFSS,EQ, 16-Oct-2020,3207.65,3180.0,3298.0,3163.0, 3276.00,3270.65,3213.57,334348,10744.52,17413,236425,70.71,7597
MPHASIS,EQ, 16-Oct-2020,1402.15,1403.05,1409.0,1300.0, 1333.80,1340.75,1346.21,878654,11828.5,44990,531148,60.45,7150
POWERGRID,EQ, 16-Oct-2020,155.75,156.1,161.2,155.35, 159.00,158.95,158.41,10504385,16639.67,35929,4477237,42.62,7092
LIQUIDBEES,EQ, 16-Oct-2020,1000.0,1002.44,1002.44,999.99, 1000.01,1000.0,1000.0,784256,7842.59,3136,693630,88.44,6936
ULTRACEMCO,EQ, 16-Oct-2020,4383.3,4383.95,4496.0,4380.0, 4484.65,4482.1,4448.26,669845,29796.48,49255,143299,21.39,6374
VEDL,EQ, 16-Oct-2020,94.95,96.25,98.0,94.5, 95.00,94.9,95.97,24332358,23352.73,76970,6148842,25.27,5901
SBICARD,EQ, 16-Oct-2020,900.2,897.9,904.4,876.0, 879.90,879.6,884.4,1568240,13869.52,69812,663468,42.31,5867
KAJARIACER,EQ, 16-Oct-2020,526.4,530.0,538.4,530.0, 533.00,533.15,532.17,1224076,6514.18,9469,1052218,85.96,5599
MUTHOOTFIN,EQ, 16-Oct-2020,1152.1,1144.0,1204.7,1140.85, 1186.95,1185.05,1187.45,2871896,34102.21,94317,458012,15.95,5438
BPCL,EQ, 16-Oct-2020,326.65,328.9,343.4,327.5, 341.00,339.95,337.22,13453185,45367.23,129433,1607821,11.95,5421
TATACONSUM,EQ, 16-Oct-2020,474.1,478.75,486.7,475.05, 478.00,477.1,480.59,4313466,20730.29,58479,1117413,25.91,5370
HDFCLIFE,EQ, 16-Oct-2020,561.5,562.95,566.25,559.5, 563.40,561.15,562.38,2117294,11907.15,47755,950984,44.92,5348
M&M,EQ, 16-Oct-2020,617.3,617.5,623.95,602.05, 607.00,606.65,612.16,4274914,26169.16,58622,842880,19.72,5159
HINDALCO,EQ, 16-Oct-2020,173.65,174.1,180.55,172.35, 180.00,179.8,176.4,15546424,27423.77,79152,2820931,18.15,4976
CYIENT,EQ, 16-Oct-2020,366.5,370.0,392.0,369.0, 388.55,389.5,380.5,3027553,11519.88,67060,1304308,43.08,4962
CIPLA,EQ, 16-Oct-2020,768.3,766.95,787.5,758.4, 780.60,782.35,776.11,9099048,70618.89,136886,630542,6.93,4893
PIIND,EQ, 16-Oct-2020,2023.65,2033.75,2109.9,2030.1, 2090.00,2081.45,2063.24,487387,10055.98,41701,236843,48.59,4886
COALINDIA,EQ, 16-Oct-2020,110.6,111.3,112.75,109.6, 112.50,111.35,110.56,12231070,13522.07,45438,4357257,35.62,4817
PETRONET,EQ, 16-Oct-2020,218.15,218.5,223.5,215.0, 221.85,222.65,219.86,5419321,11915.12,47243,2161447,39.88,4752
JUSTDIAL,EQ, 16-Oct-2020,460.75,466.0,512.75,460.75, 475.00,486.35,489.13,11559666,56541.3,228757,971663,8.41,4752
APOLLOHOSP,EQ, 16-Oct-2020,2182.6,2210.0,2219.0,2175.0, 2211.00,2210.55,2195.35,1036110,22746.26,41252,214513,20.7,4709
DLF,EQ, 16-Oct-2020,155.45,156.0,164.25,153.75, 163.15,162.55,157.91,12349164,19500.38,73742,2886657,23.38,4558
MOTHERSUMI,EQ, 16-Oct-2020,105.5,106.45,107.7,104.9, 106.35,106.25,106.21,12353814,13120.4,57174,4286913,34.7,4553
ASHOKLEY,EQ, 16-Oct-2020,72.35,73.3,75.65,73.15, 75.05,75.0,74.43,46971075,34962.02,202550,6067512,12.92,4516
HAPPSTMNDS,EQ, 16-Oct-2020,340.6,343.6,344.5,323.1, 325.90,325.45,329.07,2800010,9213.94,88217,1365048,48.75,4491
DALBHARAT,EQ, 16-Oct-2020,773.1,779.9,794.0,770.0, 792.30,789.6,775.8,619784,4808.26,10018,554781,89.51,4303
HINDPETRO,EQ, 16-Oct-2020,164.05,164.45,169.85,163.4, 169.55,169.3,166.77,6708837,11188.07,56867,2510399,37.42,4186
ONGC,EQ, 16-Oct-2020,66.05,66.65,67.55,66.0, 67.50,67.25,66.57,18591533,12376.85,147142,6265778,33.7,4171
EICHERMOT,EQ, 16-Oct-2020,2248.6,2244.0,2285.0,2244.0, 2269.00,2269.9,2268.31,816001,18509.43,39979,180392,22.11,4091
LT,EQ, 16-Oct-2020,888.8,894.0,903.5,889.5, 894.55,894.1,894.64,2373465,21234.02,53057,455932,19.21,4078
LUPIN,EQ, 16-Oct-2020,1003.55,1003.55,1045.9,998.0, 1036.80,1040.4,1026.5,4437149,45547.13,75564,370235,8.34,3800
HAVELLS,EQ, 16-Oct-2020,684.15,689.0,701.0,681.7, 695.00,697.5,692.77,1466874,10162.01,43466,546363,37.25,3785
LAURUSLABS,EQ, 16-Oct-2020,315.8,318.0,327.9,308.0, 327.35,326.1,320.71,3519291,11286.81,46446,1152284,32.74,3695
IDEA,EQ, 16-Oct-2020,8.0,8.0,8.3,7.95, 8.00,8.05,8.08,122716781,9909.51,126151,45015532,36.68,3637
AMBER,EQ, 16-Oct-2020,1997.3,2095.55,2228.0,2094.6, 2169.00,2180.65,2152.77,833678,17947.21,64503,159662,19.15,3437
BIOCON,EQ, 16-Oct-2020,433.45,435.0,449.5,434.05, 447.85,447.9,444.22,4502795,20002.36,62187,761311,16.91,3381
DABUR,EQ, 16-Oct-2020,517.6,520.8,524.35,510.8, 513.00,511.7,515.65,2531777,13055.2,36554,650289,25.69,3353
GAIL,EQ, 16-Oct-2020,82.3,82.55,84.2,82.4, 84.15,84.0,83.37,11036039,9200.67,31134,3971427,35.99,3310
ADANIPORTS,EQ, 16-Oct-2020,342.8,344.35,354.75,341.95, 352.00,349.95,346.89,2635081,9140.84,32443,950108,36.06,3295
ABFRL,EQ, 16-Oct-2020,132.2,133.0,138.0,132.0, 137.30,137.4,135.99,3574071,4860.43,28338,2416664,67.62,3286
INDUSINDBK,EQ, 16-Oct-2020,598.0,604.8,613.9,601.4, 607.50,608.3,607.98,11570365,70345.95,118869,526511,4.55,3201
SOLARINDS,EQ, 16-Oct-2020,1030.2,1021.05,1077.0,1021.05, 1041.00,1037.0,1037.39,315961,3277.76,1725,304578,96.4,3159
JINDALSTEL,EQ, 16-Oct-2020,182.9,184.5,194.8,179.0, 193.40,193.7,187.66,10870513,20399.53,83017,1677741,15.43,3148
SRF,EQ, 16-Oct-2020,4351.7,4414.0,4507.15,4390.0, 4461.70,4450.95,4437.66,430760,19115.65,27071,69345,16.1,3077
DEEPAKNTR,EQ, 16-Oct-2020,726.35,730.0,733.7,708.1, 718.00,718.5,719.54,983097,7073.75,34240,422307,42.96,3038
NTPC,EQ, 16-Oct-2020,79.0,79.0,80.5,78.45, 80.40,80.3,79.53,16578317,13185.29,40052,3810076,22.98,3030
CHOLAFIN,EQ, 16-Oct-2020,237.3,238.95,240.9,233.0, 236.50,237.25,236.33,5319385,12571.05,56244,1262350,23.73,2983
CADILAHC,EQ, 16-Oct-2020,415.9,413.6,432.2,411.3, 429.90,430.4,425.68,6973034,29682.81,70835,700604,10.05,2982
GLENMARK,EQ, 16-Oct-2020,474.35,475.7,500.45,469.0, 491.05,490.9,486.66,5110313,24870.05,72045,612487,11.99,2980
AUROPHARMA,EQ, 16-Oct-2020,791.75,793.0,815.5,785.5, 807.00,806.25,802.69,2608735,20940.06,58267,368376,14.12,2956
GODREJCP,EQ, 16-Oct-2020,682.15,685.0,688.15,675.0, 680.00,677.85,679.77,1292241,8784.31,36854,431524,33.39,2933
TORNTPHARM,EQ, 16-Oct-2020,2721.2,2730.0,2775.0,2682.5, 2740.00,2744.2,2724.78,477714,13016.67,25140,105793,22.15,2882
GRANULES,EQ, 16-Oct-2020,380.2,381.9,390.5,361.5, 389.50,387.65,381.82,1889176,7213.31,33210,750555,39.73,2865
BRITANNIA,EQ, 16-Oct-2020,3731.0,3748.95,3779.0,3721.25, 3749.90,3747.2,3750.74,263967,9900.71,18040,75669,28.67,2838
BANDHANBNK,EQ, 16-Oct-2020,303.75,304.0,314.0,304.0, 312.65,313.0,309.8,8494372,26315.71,82766,910306,10.72,2820
ESCORTS,EQ, 16-Oct-2020,1196.2,1207.0,1227.55,1156.2, 1169.95,1167.6,1185.39,1390920,16487.85,75845,236503,17.0,2803
YESBANK,EQ, 16-Oct-2020,12.65,12.55,12.75,12.5, 12.70,12.65,12.58,60457698,7607.24,54771,20795154,34.4,2616
COFORGE,EQ, 16-Oct-2020,2508.65,2528.0,2598.0,2467.25, 2582.95,2577.2,2543.44,1066656,27129.78,51176,102597,9.62,2609
COLPAL,EQ, 16-Oct-2020,1421.5,1428.0,1447.15,1421.1, 1442.00,1439.3,1435.56,385128,5528.74,15774,180882,46.97,2596
TATAELXSI,EQ, 16-Oct-2020,1464.15,1480.0,1518.7,1439.0, 1505.05,1508.85,1485.93,993505,14762.82,44626,172653,17.38,2565
IGL,EQ, 16-Oct-2020,374.55,377.0,383.8,371.65, 377.80,376.95,377.29,2436556,9192.82,49612,673732,27.65,2541
MARICO,EQ, 16-Oct-2020,362.85,362.2,364.7,358.5, 361.90,362.5,361.47,2517914,9101.62,27717,687808,27.32,2486
SRTRANSFIN,EQ, 16-Oct-2020,632.15,637.0,649.05,626.5, 645.60,647.1,639.17,2754571,17606.39,38108,385558,14.0,2464
MGL,EQ, 16-Oct-2020,814.6,817.65,835.9,797.1, 820.10,820.85,815.6,1594477,13004.51,44917,296682,18.61,2419
FEDERALBNK,EQ, 16-Oct-2020,51.75,52.25,53.5,51.4, 52.10,52.2,52.51,44188830,23203.42,71514,4439282,10.05,2331
SBILIFE,EQ, 16-Oct-2020,804.75,802.0,811.0,796.65, 801.80,799.55,802.56,683003,5481.51,29109,289782,42.43,2325
BEL,EQ, 16-Oct-2020,88.4,87.7,91.35,87.7, 90.90,91.0,89.73,7266931,6520.39,28306,2556243,35.18,2293
SHREECEM,EQ, 16-Oct-2020,20642.25,20780.0,21324.55,20650.0, 21147.00,21177.45,21022.38,85125,17895.3,18962,10888,12.79,2288
BAJAJ-AUTO,EQ, 16-Oct-2020,3027.4,3030.0,3092.0,3029.0, 3051.55,3044.75,3058.15,548793,16782.94,27417,74445,13.57,2276
ACC,EQ, 16-Oct-2020,1522.4,1520.0,1566.0,1512.4, 1562.50,1561.15,1540.24,1364130,21010.84,39936,147018,10.78,2264
MAJESCO,EQ, 16-Oct-2020,879.5,880.0,884.9,874.85, 881.05,880.3,876.63,278987,2445.68,4115,255898,91.72,2243
BHARATFORG,EQ, 16-Oct-2020,444.95,447.6,458.75,446.1, 452.45,452.5,452.99,1925351,8721.71,31880,476521,24.75,2158
JUBLFOOD,EQ, 16-Oct-2020,2297.2,2302.95,2325.0,2267.0, 2312.50,2318.75,2301.66,495379,11401.96,21953,93064,18.79,2142
PEL,EQ, 16-Oct-2020,1251.45,1260.0,1294.95,1258.0, 1290.25,1291.35,1278.74,1036302,13251.59,33460,158124,15.26,2021
LALPATHLAB,EQ, 16-Oct-2020,2075.95,2050.0,2083.0,2012.05, 2068.90,2066.45,2055.46,191169,3929.41,15024,98012,51.27,2014
NAUKRI,EQ, 16-Oct-2020,3607.8,3617.0,3659.95,3556.75, 3598.45,3600.3,3612.94,418182,15108.65,31606,55251,13.21,1996
GRASIM,EQ, 16-Oct-2020,750.1,752.95,776.65,750.0, 769.00,772.7,763.67,1765026,13478.98,34415,260250,14.74,1987
BALKRISIND,EQ, 16-Oct-2020,1366.8,1371.0,1389.0,1345.1, 1379.80,1381.9,1365.98,631842,8630.85,43863,143615,22.73,1961
UBL,EQ, 16-Oct-2020,967.75,970.0,981.7,956.6, 977.00,973.75,970.48,648700,6295.5,19493,200023,30.83,1941
RBLBANK,EQ, 16-Oct-2020,167.0,168.1,172.5,166.85, 171.55,172.0,170.2,11757591,20011.67,51034,1109178,9.43,1887
BAJAJFINSV,EQ, 16-Oct-2020,5899.05,5939.7,5980.0,5866.0, 5959.00,5952.3,5935.08,476247,28265.65,43286,31735,6.66,1883
BANKBARODA,EQ, 16-Oct-2020,40.35,40.7,41.1,39.9, 40.40,40.3,40.55,18306969,7424.26,30638,4601703,25.14,1865
AARTIDRUGS,EQ, 16-Oct-2020,798.65,809.55,809.55,770.0, 792.00,790.3,786.2,582617,4580.54,29365,235439,40.41,1851
AMARAJABAT,EQ, 16-Oct-2020,719.9,726.0,728.5,710.15, 721.30,722.7,718.69,1004393,7218.48,33973,255227,25.41,1834
GODREJPROP,EQ, 16-Oct-2020,849.15,850.0,871.15,835.55, 870.75,865.25,855.76,785888,6725.32,34979,206651,26.3,1768
LICHSGFIN,EQ, 16-Oct-2020,277.55,280.0,286.35,279.7, 285.40,285.45,283.92,4183309,11877.17,44395,605880,14.48,1720
ICICIGI,EQ, 16-Oct-2020,1250.65,1240.2,1256.0,1228.05, 1236.90,1238.95,1238.63,209565,2595.74,15564,137131,65.44,1698
TATAPOWER,EQ, 16-Oct-2020,52.9,53.55,54.6,52.3, 54.30,54.15,53.75,24637365,13241.72,35772,3029809,12.3,1628
DIXON,EQ, 16-Oct-2020,8924.85,8990.0,9300.0,8868.0, 9275.00,9261.7,9142.39,49375,4514.06,13761,17417,35.27,1592
TATACHEM,EQ, 16-Oct-2020,318.45,315.8,321.0,314.8, 319.30,319.65,318.44,2243807,7145.28,25425,496275,22.12,1580
IBULHSGFIN,EQ, 16-Oct-2020,151.5,152.45,153.7,149.3, 152.00,151.15,150.95,8394665,12671.5,58344,1033826,12.32,1560
PVR,EQ, 16-Oct-2020,1204.45,1204.45,1210.9,1159.0, 1187.00,1181.35,1175.35,1752565,20598.74,53925,131762,7.52,1548
IPCALAB,EQ, 16-Oct-2020,2079.55,2083.95,2133.65,2071.0, 2100.65,2111.25,2094.66,139109,2913.86,16700,72963,52.45,1528
MAZDOCK,EQ, 16-Oct-2020,171.85,173.75,175.45,165.0, 168.30,168.05,169.57,3072942,5210.71,58615,872852,28.4,1480
METROPOLIS,EQ, 16-Oct-2020,1916.75,1902.0,1926.2,1870.15, 1888.70,1884.4,1891.32,100234,1895.74,9636,75756,75.58,1432
HINDZINC,EQ, 16-Oct-2020,207.5,213.5,216.0,209.45, 212.50,211.75,212.11,1397663,2964.6,19826,661523,47.33,1403
BAJAJHLDNG,EQ, 16-Oct-2020,2376.6,2376.6,2397.7,2345.0, 2357.00,2354.05,2368.07,70672,1673.56,3966,58980,83.46,1396
NATCOPHARM,EQ, 16-Oct-2020,876.6,884.5,895.9,872.0, 891.30,890.65,883.74,355052,3137.72,19558,157619,44.39,1392
SIEMENS,EQ, 16-Oct-2020,1238.15,1249.0,1268.75,1226.4, 1265.80,1265.45,1252.38,954281,11951.2,42962,111124,11.64,1391
MCDOWELL-N,EQ, 16-Oct-2020,506.5,508.2,512.9,500.8, 509.90,510.05,507.51,1144560,5808.81,26249,273041,23.86,1385
KANSAINER,EQ, 16-Oct-2020,476.45,475.25,504.85,475.25, 503.45,501.9,495.02,509222,2520.74,20474,277650,54.52,1374
IOLCP,EQ, 16-Oct-2020,720.35,728.4,728.4,656.65, 699.00,700.65,699.7,504305,3528.6,21297,195611,38.79,1368
PNB,EQ, 16-Oct-2020,27.7,27.8,27.95,27.35, 27.45,27.45,27.59,17645876,4868.1,26944,4777489,27.07,1318
CDSL,EQ, 16-Oct-2020,455.65,458.9,461.9,448.1, 452.50,453.45,452.91,795641,3603.53,23420,289564,36.39,1311
FORTIS,EQ, 16-Oct-2020,126.85,127.4,128.5,125.5, 126.90,127.05,126.69,1496402,1895.76,31710,1009507,67.46,1278
PERSISTENT,EQ, 16-Oct-2020,1290.25,1325.0,1333.0,1200.0, 1314.65,1296.8,1262.75,270011,3409.57,21835,100722,37.3,1271
LTTS,EQ, 16-Oct-2020,1738.85,1750.0,1764.95,1705.6, 1728.10,1727.95,1737.84,205114,3564.55,15569,72915,35.55,1267
BATAINDIA,EQ, 16-Oct-2020,1350.7,1352.0,1380.0,1350.3, 1372.00,1372.45,1368.51,490799,6716.62,18808,92436,18.83,1264
SAIL,EQ, 16-Oct-2020,32.8,33.0,34.1,32.75, 34.05,33.85,33.4,14614588,4881.45,20595,3762227,25.74,1256
WELCORP,EQ, 16-Oct-2020,107.95,109.0,116.45,109.0, 114.85,115.15,113.83,2212301,2518.29,21139,1100064,49.72,1252
HDFCAMC,EQ, 16-Oct-2020,2275.65,2285.0,2299.9,2260.65, 2289.00,2284.4,2279.63,116422,2653.99,11400,54597,46.9,1244
INFRATEL,EQ, 16-Oct-2020,180.9,183.6,184.45,178.2, 182.35,182.55,181.81,5403871,9824.65,54159,660191,12.22,1200
PHILIPCARB,EQ, 16-Oct-2020,130.9,132.0,138.4,130.0, 135.10,135.85,134.89,3843725,5184.9,37604,883630,22.99,1191
NIFTYBEES,EQ, 16-Oct-2020,124.81,125.44,125.92,124.6, 125.65,125.62,125.46,2100993,2635.8,10164,931558,44.34,1168
INDIAMART,EQ, 16-Oct-2020,4991.25,4960.0,5015.0,4925.05, 4999.00,5002.15,4996.49,46004,2298.59,8367,23321,50.69,1165
RAMCOSYS,EQ, 16-Oct-2020,490.3,500.0,514.8,485.55, 514.80,512.8,505.35,407166,2057.62,8097,229245,56.3,1158
STAR,EQ, 16-Oct-2020,729.45,733.1,750.0,728.55, 745.50,744.55,741.16,705608,5229.68,22501,155664,22.06,1153
NMDC,EQ, 16-Oct-2020,80.75,81.3,83.6,80.9, 82.95,83.05,82.42,5626992,4637.49,22296,1352855,24.04,1115
BLUEDART,EQ, 16-Oct-2020,3038.6,3050.0,3149.5,3039.25, 3085.00,3067.1,3100.75,55018,1705.97,4115,35869,65.2,1112
MINDAIND,EQ, 16-Oct-2020,328.0,333.9,336.2,324.95, 325.30,327.8,331.04,386769,1280.36,4830,334246,86.42,1106
CONCOR,EQ, 16-Oct-2020,357.9,364.0,371.9,360.5, 370.90,370.85,367.24,1711124,6283.95,30000,293031,17.13,1076
PAGEIND,EQ, 16-Oct-2020,20175.35,20190.0,20747.2,20148.3, 20640.00,20635.45,20470.22,31630,6474.73,10194,5222,16.51,1068
COROMANDEL,EQ, 16-Oct-2020,710.6,716.85,717.1,701.05, 705.00,704.4,706.95,264856,1872.4,20535,150908,56.98,1066
INDIGO,EQ, 16-Oct-2020,1305.45,1315.1,1340.0,1309.0, 1333.60,1329.65,1324.51,798744,10579.48,23723,79753,9.98,1056
BOSCHLTD,EQ, 16-Oct-2020,11856.5,11955.0,12075.1,11760.05, 11980.00,11959.1,11889.23,38590,4588.06,9047,8615,22.32,1024
PIDILITIND,EQ, 16-Oct-2020,1476.45,1472.5,1493.4,1472.0, 1484.85,1481.25,1484.84,423856,6293.6,16151,69028,16.29,1024
JBCHEPHARM,EQ, 16-Oct-2020,1045.65,1051.0,1054.8,1010.05, 1052.00,1048.1,1038.19,148741,1544.21,11723,97578,65.6,1013
AARTIIND,EQ, 16-Oct-2020,976.2,984.75,1001.5,966.45, 998.50,998.75,986.42,183889,1813.92,9971,102772,55.89,1013
BHEL,EQ, 16-Oct-2020,27.15,27.15,27.45,26.75, 27.20,27.2,27.09,15812970,4283.82,25439,3652986,23.1,989
IBVENTURES,EQ, 16-Oct-2020,231.55,232.35,236.0,216.1, 230.15,230.5,228.85,997719,2283.28,8998,430649,43.16,985
TATAMTRDVR,EQ, 16-Oct-2020,54.2,55.5,56.15,54.55, 56.15,55.85,55.46,4587385,2544.2,13331,1773600,38.66,983
IFBIND,EQ, 16-Oct-2020,653.25,655.0,746.0,655.0, 707.00,703.0,715.7,866113,6198.77,36493,137043,15.82,980
IDBI,EQ, 16-Oct-2020,33.55,35.8,39.7,35.55, 38.40,38.9,37.85,12031061,4553.38,38381,2591579,21.54,980
MANAPPURAM,EQ, 16-Oct-2020,159.3,159.5,164.4,158.7, 162.30,162.75,162.18,4652599,7545.45,30333,584985,12.57,948
CHEMCON,EQ, 16-Oct-2020,418.9,420.25,429.6,398.05, 406.20,404.8,407.78,1015056,4139.22,51240,231586,22.82,944
MASTEK,EQ, 16-Oct-2020,828.15,834.0,846.8,772.0, 810.00,803.3,803.01,224594,1803.5,8936,117174,52.17,940
ADANIENT,EQ, 16-Oct-2020,307.1,309.25,313.95,305.35, 307.80,307.0,309.67,1871538,5795.63,24631,301135,16.09,932
CUMMINSIND,EQ, 16-Oct-2020,442.95,446.85,463.65,443.55, 462.10,462.0,453.39,1101187,4992.62,14947,204010,18.53,924
JKCEMENT,EQ, 16-Oct-2020,1723.05,1730.0,1769.0,1710.05, 1759.00,1755.6,1746.6,113244,1977.92,18398,52807,46.63,922
SYNGENE,EQ, 16-Oct-2020,554.1,558.95,559.45,550.95, 555.10,554.9,555.74,280223,1557.3,9927,165740,59.15,921
ICICIPRULI,EQ, 16-Oct-2020,418.8,418.0,424.0,412.25, 415.60,414.75,417.52,875597,3655.82,28009,220173,25.15,919
VBL,EQ, 16-Oct-2020,669.25,675.0,691.95,666.0, 681.00,682.75,677.76,186549,1264.36,4400,133656,71.65,905
ALKEM,EQ, 16-Oct-2020,2659.35,2682.65,2682.65,2630.0, 2651.90,2650.55,2648.16,62747,1661.64,9594,33989,54.17,900
TATACOMM,EQ, 16-Oct-2020,836.4,837.4,878.2,837.4, 878.20,875.65,874.3,158259,1383.66,4036,101776,64.31,889
BSOFT,EQ, 16-Oct-2020,194.25,195.55,198.5,172.2, 191.15,190.75,188.77,1630948,3078.82,20538,465869,28.56,879
LUXIND,EQ, 16-Oct-2020,1430.35,1430.0,1439.0,1387.05, 1408.00,1402.1,1422.98,131528,1871.62,3426,59492,45.23,846
UTIAMC,EQ, 16-Oct-2020,499.0,504.9,508.0,493.1, 505.05,502.65,500.5,336269,1683.03,14658,168864,50.22,845
IDFCFIRSTB,EQ, 16-Oct-2020,30.05,30.25,30.85,29.9, 30.60,30.7,30.4,23681817,7199.7,55026,2644377,11.17,803
M&MFIN,EQ, 16-Oct-2020,125.3,126.0,127.3,124.2, 125.60,125.5,125.51,3866767,4853.19,21763,637530,16.49,800
RECLTD,EQ, 16-Oct-2020,93.45,93.7,94.85,93.3, 93.75,94.0,94.06,3585816,3372.66,20841,831739,23.2,782
ALOKINDS,EQ, 16-Oct-2020,22.95,23.1,23.55,22.15, 23.25,23.2,22.87,11725451,2681.11,15759,3371568,28.75,771
JUMPNET,EQ, 16-Oct-2020,94.75,95.6,95.6,75.8, 92.45,93.15,86.77,2258213,1959.37,8164,874765,38.74,759
SONATSOFTW,EQ, 16-Oct-2020,340.65,343.0,360.0,340.05, 359.40,358.1,350.08,560678,1962.83,14207,216122,38.55,756
GOLDBEES,EQ, 16-Oct-2020,44.3,45.0,46.1,44.36, 44.46,44.49,44.49,2096785,932.92,5406,1698649,81.01,755
EQUITAS,EQ, 16-Oct-2020,51.15,51.7,51.75,49.15, 50.00,49.95,50.45,3208676,1618.91,18406,1484162,46.25,748
POLYMED,EQ, 16-Oct-2020,485.9,479.0,538.0,478.85, 510.00,512.55,521.75,1296517,6764.58,36579,143079,11.04,746
TATASTLBSL,EQ, 16-Oct-2020,22.35,22.4,23.5,22.35, 23.35,23.4,23.09,6119711,1413.2,6620,3230338,52.79,745
ADANIGREEN,EQ, 16-Oct-2020,704.25,710.0,718.95,700.0, 705.00,705.35,707.08,277648,1963.19,14263,104361,37.59,737
CROMPTON,EQ, 16-Oct-2020,281.0,283.0,283.0,278.05, 280.95,281.05,280.92,365515,1026.79,16697,252061,68.96,708
HFCL,EQ, 16-Oct-2020,16.1,16.25,16.85,16.25, 16.85,16.75,16.56,6576762,1089.11,7486,4180605,63.57,692
SUNTECK,EQ, 16-Oct-2020,252.45,252.05,274.8,252.05, 271.95,272.65,267.57,1116850,2988.32,14761,256664,22.98,686
GSPL,EQ, 16-Oct-2020,184.55,186.0,188.95,181.55, 187.60,187.35,186.66,577431,1077.82,8819,365540,63.3,682
GMMPFAUDLR,EQ, 16-Oct-2020,3522.3,3558.0,3562.8,3510.0, 3542.80,3539.4,3540.07,35730,1264.87,9496,18966,53.08,671
BSE,EQ, 16-Oct-2020,521.2,522.0,527.9,520.0, 524.95,524.95,524.19,211730,1109.88,7489,127635,60.28,669
NATIONALUM,EQ, 16-Oct-2020,29.7,29.9,30.85,29.55, 30.80,30.6,30.14,8872911,2674.25,11383,2222776,25.05,669
APLLTD,EQ, 16-Oct-2020,949.1,958.8,969.0,932.0, 960.25,961.25,950.76,157938,1501.61,9538,70077,44.37,666
CENTRALBK,EQ, 16-Oct-2020,10.75,10.95,10.95,10.1, 10.25,10.2,10.35,10377765,1073.75,15923,6402054,61.69,662
ATUL,EQ, 16-Oct-2020,5985.45,5986.45,6030.0,5975.0, 6000.00,5993.9,5997.47,18585,1114.63,5186,10944,58.89,656
VISHAL,EQ, 16-Oct-2020,360.25,361.35,362.55,361.35, 362.20,362.2,362.17,691601,2504.75,4687,180432,26.09,653
MRF,EQ, 16-Oct-2020,58454.65,58350.0,58880.15,57860.05, 58148.00,58013.1,58382.57,7262,4239.74,3920,1100,15.15,642
SHILPAMED,EQ, 16-Oct-2020,471.4,476.95,490.0,465.3, 488.95,487.85,478.22,503016,2405.51,15886,133884,26.62,640
IRCTC,EQ, 16-Oct-2020,1329.5,1329.0,1340.0,1325.0, 1330.50,1328.1,1330.15,141609,1883.62,10795,48077,33.95,639
RAMCOCEM,EQ, 16-Oct-2020,759.6,764.9,785.0,757.65, 782.00,780.35,772.45,612193,4728.9,12064,82107,13.41,634
SUVENPHAR,EQ, 16-Oct-2020,346.2,351.0,363.0,343.3, 350.00,350.95,351.92,578089,2034.39,12452,177443,30.69,624
SUNTV,EQ, 16-Oct-2020,431.55,433.6,439.15,428.75, 436.00,434.8,434.49,1014322,4407.18,14531,141802,13.98,616
PRESTIGE,EQ, 16-Oct-2020,247.95,249.8,263.0,245.85, 261.00,260.4,256.56,654860,1680.1,12498,237160,36.22,608
EXIDEIND,EQ, 16-Oct-2020,156.45,157.2,160.2,156.5, 159.85,159.8,158.35,1374951,2177.22,11838,383889,27.92,607
SANOFI,EQ, 16-Oct-2020,8605.05,8630.0,8689.0,8591.0, 8642.00,8657.35,8635.67,10270,886.88,2810,6972,67.89,602
HAL,EQ, 16-Oct-2020,745.75,749.0,758.05,740.0, 743.00,743.4,745.68,284112,2118.56,14116,80859,28.46,602
BAYERCROP,EQ, 16-Oct-2020,5644.3,5650.0,5690.0,5580.0, 5605.00,5611.85,5617.43,19699,1106.58,5875,10633,53.98,597
L&TFH,EQ, 16-Oct-2020,60.7,61.0,61.5,60.5, 61.30,61.15,61.08,5709099,3487.25,14141,963046,16.87,588
MCX,EQ, 16-Oct-2020,1723.85,1727.0,1748.7,1705.1, 1746.95,1741.2,1725.63,95064,1640.45,10353,33358,35.09,575
CUB,EQ, 16-Oct-2020,141.1,141.85,144.4,140.05, 143.90,143.65,141.67,964154,1365.95,7094,400643,41.55,567
STRTECH,EQ, 16-Oct-2020,146.5,146.95,152.5,146.1, 151.20,150.85,149.38,834516,1246.56,15553,370349,44.38,553
WHIRLPOOL,EQ, 16-Oct-2020,2062.3,2068.0,2110.0,2042.35, 2080.00,2064.9,2081.55,40406,841.07,3988,26510,65.61,551
BANKBEES,EQ, 16-Oct-2020,231.93,233.79,237.69,232.66, 236.50,236.5,235.55,769741,1813.14,6779,233646,30.35,550
CAMS,EQ, 16-Oct-2020,1332.25,1328.0,1349.0,1325.85, 1343.00,1341.45,1340.54,74694,1001.3,13734,41071,54.99,550
3MINDIA,EQ, 16-Oct-2020,18704.9,18945.0,18945.0,18501.6, 18750.00,18695.9,18671.98,4077,761.26,1665,2948,72.31,550
KSCL,EQ, 16-Oct-2020,518.95,519.0,557.6,514.0, 546.00,549.4,542.44,424634,2303.36,17502,101015,23.79,547
SHAKTIPUMP,EQ, 16-Oct-2020,234.1,240.0,254.9,235.0, 237.30,238.3,245.38,589216,1445.82,17206,221057,37.52,542
CHAMBLFERT,EQ, 16-Oct-2020,159.9,159.9,163.4,157.65, 159.70,159.55,160.26,569717,913.02,9453,337541,59.25,540
GLAXO,EQ, 16-Oct-2020,1518.0,1511.0,1569.05,1511.0, 1518.70,1517.25,1539.0,77576,1193.89,8010,34758,44.81,534
LINDEINDIA,EQ, 16-Oct-2020,768.55,781.0,781.0,753.0, 769.95,769.9,765.36,97027,742.61,4153,69302,71.43,530
AUBANK,EQ, 16-Oct-2020,725.6,730.0,738.75,721.05, 733.00,731.8,731.06,194590,1422.58,6625,72471,37.24,529
NAVINFLUOR,EQ, 16-Oct-2020,2000.7,2040.0,2080.0,2022.25, 2049.85,2050.2,2049.89,61228,1255.11,7973,25564,41.75,524
NCC,EQ, 16-Oct-2020,31.05,31.05,33.2,31.05, 32.75,32.65,31.95,5686495,1816.86,8861,1634444,28.74,522
TORNTPOWER,EQ, 16-Oct-2020,294.95,294.5,303.75,294.5, 302.55,302.65,300.16,706570,2120.87,10291,172121,24.36,516
SUBEX,EQ, 16-Oct-2020,14.45,14.5,15.45,14.5, 15.20,15.25,15.02,7320329,1099.3,7806,3383998,46.23,508
HONAUT,EQ, 16-Oct-2020,30326.05,30106.0,30680.0,29951.0, 30000.00,30075.4,30268.06,2386,722.2,1242,1681,70.45,508
TVSMOTOR,EQ, 16-Oct-2020,458.6,458.5,466.6,456.05, 464.05,463.25,463.21,1468254,6801.12,17558,108974,7.42,504
AJANTPHARM,EQ, 16-Oct-2020,1546.85,1532.0,1561.45,1526.1, 1545.00,1541.05,1545.78,69060,1067.51,6153,32635,47.26,504
OIL,EQ, 16-Oct-2020,84.95,85.55,88.2,85.55, 86.80,86.5,86.88,1199633,1042.23,10449,568675,47.4,494
NUCLEUS,EQ, 16-Oct-2020,634.95,644.2,647.0,603.25, 612.00,607.4,612.65,143503,879.17,6223,79765,55.58,488
FRETAIL,EQ, 16-Oct-2020,74.7,74.0,75.65,73.5, 73.80,73.65,74.03,1428702,1057.7,11852,658418,46.09,487
POLYPLEX,EQ, 16-Oct-2020,721.65,719.0,749.0,718.0, 742.45,740.75,736.85,116443,858.02,6206,66108,56.77,487
NAM-INDIA,EQ, 16-Oct-2020,270.05,270.1,274.9,267.05, 271.10,271.9,271.0,373661,1012.62,7755,176025,47.11,477
JSL,EQ, 16-Oct-2020,53.7,53.3,57.5,51.3, 57.30,56.6,54.72,1940607,1061.97,8602,873455,45.01,477
INDIACEM,EQ, 16-Oct-2020,114.95,115.5,118.85,114.9, 118.25,118.3,117.57,1006618,1183.47,9173,405165,40.25,476
BERGEPAINT,EQ, 16-Oct-2020,597.45,600.0,608.4,595.45, 602.90,603.4,602.92,907341,5470.53,17486,78804,8.69,475
SOLARA,EQ, 16-Oct-2020,1172.5,1175.6,1199.0,1139.0, 1197.00,1185.15,1166.31,92746,1081.71,6593,40759,43.95,475
SUPREMEIND,EQ, 16-Oct-2020,1410.15,1412.0,1419.25,1375.1, 1396.90,1408.75,1406.32,47229,664.19,12318,33665,71.28,473
REPCOHOME,EQ, 16-Oct-2020,187.75,188.8,194.8,182.2, 183.00,186.55,188.84,395496,746.86,4710,249035,62.97,470
PFC,EQ, 16-Oct-2020,84.7,84.35,85.75,84.25, 84.80,85.05,85.12,3357802,2858.07,104507,547886,16.32,466
AVANTIFEED,EQ, 16-Oct-2020,503.45,501.0,512.5,500.05, 503.90,501.85,505.9,276768,1400.16,13949,91700,33.13,463
INDHOTEL,EQ, 16-Oct-2020,93.4,93.4,98.5,93.4, 97.00,97.15,96.46,1390411,1341.14,14229,479531,34.49,462
HSIL,EQ, 16-Oct-2020,72.65,72.4,77.0,71.1, 72.85,71.85,72.31,745780,539.31,2222,635546,85.22,459
THYROCARE,EQ, 16-Oct-2020,1008.55,1017.0,1037.8,990.0, 1018.75,1013.15,1013.18,110083,1115.34,8759,45268,41.12,458
FSL,EQ, 16-Oct-2020,69.4,69.45,70.95,66.7, 70.80,70.25,68.89,2017306,1389.75,13177,662639,32.85,456
INOXLEISUR,EQ, 16-Oct-2020,273.45,273.0,275.7,261.25, 273.90,273.05,268.29,694638,1863.66,20882,168241,24.22,451
ISEC,EQ, 16-Oct-2020,448.35,450.9,456.35,438.1, 439.70,441.3,447.6,170818,764.58,7133,100145,58.63,448
BAJAJCON,EQ, 16-Oct-2020,181.65,181.9,188.8,180.5, 184.05,184.1,185.15,772400,1430.13,10810,233578,30.24,432
PGHH,EQ, 16-Oct-2020,10074.1,10069.95,10159.0,10018.45, 10080.65,10112.5,10098.01,5043,509.24,907,4259,84.45,430
ABBOTINDIA,EQ, 16-Oct-2020,15957.45,15970.0,16180.8,15902.1, 15965.05,16031.45,16071.87,4671,750.72,1860,2671,57.18,429
TV18BRDCST,EQ, 16-Oct-2020,28.85,28.85,29.3,28.25, 28.75,28.55,28.67,3696340,1059.92,5968,1498038,40.53,429
TRIDENT,EQ, 16-Oct-2020,7.65,8.0,8.3,7.7, 7.85,7.8,7.98,14831642,1183.45,26516,5348968,36.06,426
GPPL,EQ, 16-Oct-2020,83.6,83.8,92.9,83.4, 91.80,90.85,88.99,1176261,1046.79,11247,473014,40.21,420
CASTROLIND,EQ, 16-Oct-2020,104.3,104.75,107.25,104.75, 107.20,107.05,106.38,617259,656.66,7661,393640,63.77,418
MAHEPC,EQ, 16-Oct-2020,148.65,148.8,169.5,148.8, 168.00,165.25,159.24,424179,675.47,7867,258671,60.98,411
JUBILANT,EQ, 16-Oct-2020,689.45,691.85,699.85,682.55, 689.65,690.85,690.28,166459,1149.04,8380,59483,35.73,410
NOCIL,EQ, 16-Oct-2020,137.8,139.05,144.35,136.0, 142.85,142.3,140.69,1431610,2014.12,17177,290338,20.28,408
PFIZER,EQ, 16-Oct-2020,4967.9,4960.0,4984.0,4910.0, 4975.00,4974.05,4952.07,17182,850.87,3214,8096,47.12,400
APOLLOTYRE,EQ, 16-Oct-2020,124.85,125.0,128.55,124.1, 128.30,128.2,126.75,3370308,4271.92,18596,314548,9.33,398
AFFLE,EQ, 16-Oct-2020,2672.95,2680.0,2730.0,2595.0, 2675.00,2669.45,2643.42,27948,738.78,5643,14885,53.26,393
JKLAKSHMI,EQ, 16-Oct-2020,270.55,271.65,278.0,269.0, 274.25,274.4,274.39,444700,1220.23,7950,142861,32.13,391
CGPOWER,EQ, 16-Oct-2020,23.2,23.85,23.85,22.5, 23.15,22.95,22.95,2258639,518.44,2393,1702117,75.36,390
ESSELPACK,EQ, 16-Oct-2020,252.3,253.3,256.0,250.5, 254.40,253.75,252.81,227092,574.1,5347,154016,67.82,389
QUESS,EQ, 16-Oct-2020,409.9,410.7,434.65,409.1, 421.05,419.4,423.51,266782,1129.84,10177,91699,34.37,388
IEX,EQ, 16-Oct-2020,193.6,195.0,195.75,192.35, 195.45,195.0,194.12,401062,778.52,9426,199673,49.79,387
TATASTLLP,EQ, 16-Oct-2020,402.0,406.35,425.4,388.0, 413.60,417.35,411.31,418371,1720.78,14942,93332,22.31,383
ENGINERSIN,EQ, 16-Oct-2020,62.3,62.3,62.95,60.4, 62.10,61.75,61.48,1429054,878.58,19752,622991,43.59,383
BLUESTARCO,EQ, 16-Oct-2020,612.65,628.0,645.0,625.0, 639.00,638.05,637.89,236543,1508.88,12677,59608,25.2,380
CRISIL,EQ, 16-Oct-2020,1742.0,1748.0,1790.0,1736.25, 1778.00,1787.65,1772.37,32957,584.12,4238,21481,65.18,380
KEC,EQ, 16-Oct-2020,329.4,334.9,336.5,328.1, 328.75,329.35,331.69,180709,599.4,7696,114246,63.22,378
CANBK,EQ, 16-Oct-2020,87.7,88.1,88.7,87.05, 87.55,87.85,87.93,3338675,2935.63,13185,425101,12.73,373
ADANITRANS,EQ, 16-Oct-2020,288.1,289.25,292.7,285.85, 291.00,290.35,289.69,213792,619.32,6067,124480,58.22,360
KOPRAN,EQ, 16-Oct-2020,102.75,105.3,107.85,101.5, 107.85,107.85,106.0,657202,696.64,4934,340120,51.75,360
BIRLACORPN,EQ, 16-Oct-2020,640.8,638.6,648.85,632.0, 638.95,639.15,639.63,126985,812.24,7099,56418,44.43,360
MARKSANS,EQ, 16-Oct-2020,52.05,52.6,53.45,51.0, 51.80,51.85,52.11,1655282,862.63,7169,686663,41.48,357
NHPC,EQ, 16-Oct-2020,19.75,19.8,20.05,19.75, 19.80,19.85,19.88,3120402,620.4,8873,1795172,57.53,356
VSTTILLERS,EQ, 16-Oct-2020,1543.45,1550.0,1555.0,1505.0, 1546.90,1540.95,1524.4,29252,445.92,1978,23227,79.4,354
THERMAX,EQ, 16-Oct-2020,724.65,737.0,742.15,726.05, 737.00,738.2,734.72,60017,440.96,2345,48141,80.21,353
ADANIGAS,EQ, 16-Oct-2020,181.45,182.55,185.95,181.1, 184.40,184.65,183.64,618610,1136.01,9172,189727,30.67,348
JSWENERGY,EQ, 16-Oct-2020,61.8,62.35,64.4,61.35, 63.65,63.8,62.71,1662760,1042.79,8337,551372,33.16,345
JISLJALEQS,EQ, 16-Oct-2020,13.9,13.8,15.25,13.5, 14.70,14.7,14.72,4674330,688.09,4383,2346271,50.19,345
KEI,EQ, 16-Oct-2020,333.9,332.05,337.6,325.25, 327.50,326.9,328.6,185334,609.01,10007,105073,56.69,345
INFIBEAM,EQ, 16-Oct-2020,87.0,86.9,87.5,85.5, 87.40,86.7,86.73,647964,561.95,4843,392045,60.5,340
GPIL,EQ, 16-Oct-2020,324.0,322.25,340.2,315.0, 340.20,339.8,333.94,184929,617.56,2649,101688,54.99,339
IRB,EQ, 16-Oct-2020,106.4,107.95,109.45,106.7, 108.25,107.95,108.03,444577,480.29,4561,313453,70.51,338
IBREALEST,EQ, 16-Oct-2020,47.85,48.2,48.7,46.85, 47.70,47.85,47.63,1368180,651.64,5538,702708,51.36,334
SEQUENT,EQ, 16-Oct-2020,149.2,150.0,153.5,147.8, 149.60,149.5,149.75,648437,971.03,9308,223648,34.49,334
ASTRAZEN,EQ, 16-Oct-2020,4268.95,4299.0,4319.95,4250.0, 4254.85,4264.4,4287.68,20839,893.51,3790,7724,37.07,331
VIKASMCORP,EQ, 16-Oct-2020,7.0,7.05,7.1,6.95, 7.00,7.0,7.0,5329938,373.12,1633,4657507,87.38,326
ASIANTILES,EQ, 16-Oct-2020,282.85,283.0,287.4,259.15, 277.00,273.4,271.95,263028,715.31,6449,119960,45.61,326
PNBHOUSING,EQ, 16-Oct-2020,363.4,358.5,365.95,358.05, 360.00,360.15,361.25,250289,904.16,5701,89862,35.9,324
KIRIINDUS,EQ, 16-Oct-2020,423.2,423.0,442.8,422.7, 436.25,436.45,436.22,184295,803.94,5858,73919,40.11,322
ADVENZYMES,EQ, 16-Oct-2020,328.15,332.0,338.0,315.1, 327.05,329.4,329.2,367841,1210.94,11968,97393,26.48,320
GNFC,EQ, 16-Oct-2020,192.25,193.9,198.5,189.6, 198.45,196.9,193.93,586516,1137.41,8773,164108,27.98,318
PARAGMILK,EQ, 16-Oct-2020,107.3,108.2,114.7,108.0, 110.10,110.65,112.23,1251114,1404.13,14025,282040,22.54,316
DISHTV,EQ, 16-Oct-2020,11.9,12.0,13.05,11.95, 13.05,13.0,12.59,4345487,547.21,5014,2516306,57.91,316
GMRINFRA,EQ, 16-Oct-2020,23.35,23.4,23.9,23.1, 23.75,23.75,23.48,5272707,1238.13,20405,1345385,25.52,315
BALRAMCHIN,EQ, 16-Oct-2020,149.65,151.0,153.0,147.5, 152.65,152.6,150.8,536270,808.71,6513,207157,38.63,312
KPITTECH,EQ, 16-Oct-2020,112.35,113.05,115.0,107.65, 110.80,110.65,110.75,691017,765.33,7848,279513,40.45,309
SUMICHEM,EQ, 16-Oct-2020,276.4,278.0,279.85,275.0, 277.95,277.75,276.52,221957,613.76,5851,110432,49.75,305
MIDHANI,EQ, 16-Oct-2020,176.7,178.0,179.1,172.8, 174.30,174.5,175.28,351583,616.27,7090,172420,49.04,302
CAPLIPOINT,EQ, 16-Oct-2020,531.9,532.2,544.0,509.0, 540.40,539.05,528.23,164715,870.07,8969,56960,34.58,300
HEIDELBERG,EQ, 16-Oct-2020,183.2,185.0,185.75,181.9, 182.95,182.95,183.15,213506,391.04,5080,161533,75.66,295
ICICILIQ,EQ, 16-Oct-2020,1000.0,1000.0,1000.0,999.99, 999.99,999.99,1000.0,30296,302.96,36,28827,95.15,288
BEPL,EQ, 16-Oct-2020,82.6,82.7,85.9,80.3, 81.65,81.8,82.67,1284258,1061.68,11753,346753,27.0,286
APLAPOLLO,EQ, 16-Oct-2020,2694.05,2665.0,2755.0,2665.0, 2750.00,2745.05,2720.13,22125,601.83,4635,10519,47.54,286
TATAMETALI,EQ, 16-Oct-2020,523.65,523.0,559.0,522.35, 557.00,553.5,543.71,156212,849.34,7790,52645,33.7,286
EBBETF0431,EQ, 16-Oct-2020,1000.49,1001.0,1005.0,1000.39, 1005.00,1003.76,1003.28,29367,294.63,129,28521,97.12,286
REDINGTON,EQ, 16-Oct-2020,120.6,121.05,130.0,121.05, 130.00,128.8,125.74,707809,890.02,12509,226121,31.95,284
RADICO,EQ, 16-Oct-2020,417.55,421.9,426.7,414.5, 420.90,423.9,420.04,141711,595.25,4746,67456,47.6,283
HEXAWARE,EQ, 16-Oct-2020,467.2,466.65,467.8,466.65, 467.45,467.3,467.12,102949,480.9,1832,60364,58.63,281
SUNDARMFIN,EQ, 16-Oct-2020,1300.1,1300.1,1330.0,1290.5, 1329.90,1323.65,1304.47,50253,655.54,6291,21341,42.47,278
CANFINHOME,EQ, 16-Oct-2020,447.1,446.25,475.0,440.2, 471.00,468.35,457.81,335168,1534.43,11777,59873,17.86,274
ANGELBRKG,EQ, 16-Oct-2020,257.25,257.1,260.5,243.0, 244.50,245.1,249.7,229542,573.17,10117,109773,47.82,274
VINATIORGA,EQ, 16-Oct-2020,1255.65,1266.0,1270.0,1238.0, 1249.80,1250.05,1252.68,68888,862.95,5042,21871,31.75,273
CGCL,EQ, 16-Oct-2020,233.7,238.0,244.0,238.0, 239.70,239.45,239.91,184949,443.72,2265,112810,61.0,270
MFSL,EQ, 16-Oct-2020,579.75,584.8,592.7,577.4, 582.00,579.5,584.43,425934,2489.27,9424,46058,10.81,269
RELIGARE,EQ, 16-Oct-2020,45.3,45.8,48.25,45.5, 48.05,47.7,47.2,867266,409.34,2036,569588,65.68,268
BOMDYEING,EQ, 16-Oct-2020,63.55,63.5,66.8,62.35, 66.20,66.0,64.82,1468140,951.67,9193,414569,28.24,268
SETFGOLD,EQ, 16-Oct-2020,4527.7,4536.1,4562.7,4536.1, 4551.95,4553.3,4551.19,8916,405.78,1083,5902,66.2,268
CARERATING,EQ, 16-Oct-2020,323.3,323.4,329.65,318.5, 320.00,319.95,321.54,118503,381.03,5381,82640,69.74,265
GSFC,EQ, 16-Oct-2020,61.35,61.9,64.8,61.5, 64.50,64.1,63.01,742666,467.94,4657,421953,56.82,265
SOBHA,EQ, 16-Oct-2020,250.3,251.65,260.0,200.25, 256.95,258.5,244.51,317608,776.57,11973,108491,34.16,265
GESHIP,EQ, 16-Oct-2020,224.25,227.5,236.0,224.65, 235.00,235.05,231.13,167661,387.51,8242,113361,67.61,262
WELSPUNIND,EQ, 16-Oct-2020,68.85,70.45,71.0,68.05, 70.05,69.7,69.31,652388,452.18,7244,378704,58.05,262
NCLIND,EQ, 16-Oct-2020,110.75,111.7,123.65,111.0, 123.00,119.1,116.46,422846,492.45,4597,224527,53.1,261
FINCABLES,EQ, 16-Oct-2020,272.5,273.0,278.9,270.05, 275.00,273.45,275.27,111802,307.75,4047,94583,84.6,260
JCHAC,EQ, 16-Oct-2020,2197.25,2230.0,2318.05,2230.0, 2270.00,2279.25,2280.13,25615,584.06,3506,11274,44.01,257
SUDARSCHEM,EQ, 16-Oct-2020,470.05,470.05,477.0,461.2, 472.05,472.15,471.44,124336,586.17,4805,54718,44.01,257
PTC,EQ, 16-Oct-2020,47.35,47.25,48.05,47.1, 47.25,47.2,47.55,1060213,504.08,8067,532437,50.22,253
RALLIS,EQ, 16-Oct-2020,270.9,273.3,275.1,268.0, 272.25,272.4,271.84,356591,969.36,14336,92954,26.07,252
CREDITACC,EQ, 16-Oct-2020,677.7,678.0,686.8,657.7, 665.90,667.45,672.44,67586,454.47,6911,37321,55.22,250
AAVAS,EQ, 16-Oct-2020,1438.25,1421.3,1496.0,1421.3, 1478.00,1479.65,1456.91,22911,333.79,1884,17120,74.72,249
AIAENG,EQ, 16-Oct-2020,1733.1,1741.65,1770.0,1702.0, 1737.00,1729.65,1742.55,23405,407.84,3686,14315,61.16,249
OBEROIRLTY,EQ, 16-Oct-2020,386.2,387.0,391.8,382.7, 389.00,388.6,388.07,149019,578.3,6633,64134,43.04,248
UNIONBANK,EQ, 16-Oct-2020,23.4,23.55,23.75,23.1, 23.30,23.25,23.29,2538978,591.23,5753,1056855,41.63,246
NBCC,EQ, 16-Oct-2020,22.45,22.5,22.85,22.25, 22.40,22.4,22.48,2465555,554.27,7653,1085147,44.01,243
CCL,EQ, 16-Oct-2020,246.25,245.1,249.45,245.0, 246.00,245.9,246.14,140015,344.63,6082,98062,70.04,241
ALKYLAMINE,EQ, 16-Oct-2020,3092.9,3105.0,3140.0,3058.0, 3089.00,3096.75,3098.31,16476,510.48,3486,7788,47.27,241
POWERINDIA,EQ, 16-Oct-2020,899.35,899.35,942.3,899.35, 939.00,939.6,930.95,60777,565.81,2413,25796,42.44,240
RAYMOND,EQ, 16-Oct-2020,272.2,273.6,276.8,271.05, 276.00,274.85,273.97,228971,627.31,5739,85865,37.5,235
KALPATPOWR,EQ, 16-Oct-2020,232.8,234.0,236.9,232.3, 235.00,234.95,234.61,151239,354.83,3038,100321,66.33,235
ROSSARI,EQ, 16-Oct-2020,771.15,768.0,784.5,767.8, 774.00,774.05,773.58,77780,601.69,12989,30327,38.99,234
REFEX,EQ, 16-Oct-2020,44.5,48.0,53.4,46.15, 53.40,53.4,52.63,1169266,615.38,5390,443684,37.95,233
EBBETF0425,EQ, 16-Oct-2020,1010.17,995.05,1013.0,995.05, 1013.00,1012.99,1012.58,25627,259.49,103,22784,88.91,230
GRAPHITE,EQ, 16-Oct-2020,191.1,192.4,194.8,188.1, 189.30,189.6,191.13,325657,622.42,7101,120552,37.02,230
DEEPAKFERT,EQ, 16-Oct-2020,139.25,139.9,141.8,135.4, 141.40,139.1,138.57,410097,568.28,5549,164053,40.0,227
HDFCMFGETF,EQ, 16-Oct-2020,4529.75,4540.05,4564.95,4540.05, 4554.00,4558.9,4553.09,6767,308.11,488,4929,72.84,224
NIITLTD,EQ, 16-Oct-2020,129.7,130.15,133.5,129.05, 133.20,133.1,131.75,452607,596.3,9176,169000,37.34,222
BBTC,EQ, 16-Oct-2020,1233.35,1234.05,1259.0,1215.55, 1224.80,1227.1,1232.68,57029,702.98,4566,17982,31.53,221
CENTURYTEX,EQ, 16-Oct-2020,317.65,319.2,327.8,315.0, 321.80,321.6,320.16,400436,1282.04,9338,69130,17.26,221
QUICKHEAL,EQ, 16-Oct-2020,170.55,171.0,175.5,165.0, 173.20,174.3,171.0,719651,1230.58,10148,129647,18.02,221
ICIL,EQ, 16-Oct-2020,127.3,129.0,132.4,126.1, 128.95,128.3,128.87,284745,366.94,2661,170754,59.97,220
HEG,EQ, 16-Oct-2020,711.55,716.7,721.5,709.7, 713.80,714.75,715.05,140746,1006.41,7839,30705,21.82,219
TRENT,EQ, 16-Oct-2020,653.9,655.1,675.0,655.1, 661.30,662.85,664.45,128647,854.8,7952,32931,25.6,218
LAXMIMACH,EQ, 16-Oct-2020,3854.65,3873.75,3959.8,3855.05, 3959.80,3943.65,3927.21,11421,448.53,2839,5495,48.11,215
CHOLAHLDNG,EQ, 16-Oct-2020,382.95,389.0,389.9,374.8, 376.95,377.3,379.0,64989,246.31,2226,56026,86.21,212
NEULANDLAB,EQ, 16-Oct-2020,1170.65,1181.0,1183.15,1108.85, 1148.85,1151.75,1147.18,66858,766.98,5365,18530,27.72,212
GLOBUSSPR,EQ, 16-Oct-2020,312.8,315.65,323.4,310.6, 318.70,318.85,317.56,312841,993.46,7197,66657,21.31,211
ECLERX,EQ, 16-Oct-2020,701.05,712.95,719.4,695.25, 699.60,700.25,705.17,61846,436.12,4613,29968,48.46,211
GUJGASLTD,EQ, 16-Oct-2020,291.95,292.2,299.8,290.85, 291.50,291.8,294.0,182683,537.08,4902,71736,39.27,210
WOCKPHARMA,EQ, 16-Oct-2020,295.9,296.9,302.4,293.0, 296.40,296.45,297.41,250747,745.74,8354,70858,28.26,210
RELAXO,EQ, 16-Oct-2020,661.9,662.0,671.8,653.6, 663.00,662.9,663.74,68666,455.77,4678,31233,45.49,207
VERTOZ,EQ, 16-Oct-2020,153.7,157.6,166.75,154.6, 166.50,166.4,163.24,227233,370.93,845,126872,55.83,207
VENKEYS,EQ, 16-Oct-2020,1439.4,1448.0,1465.05,1421.1, 1446.50,1447.35,1440.19,63472,914.12,5643,14062,22.15,202
DELTACORP,EQ, 16-Oct-2020,106.15,106.9,107.8,103.6, 105.80,105.8,105.32,693061,729.93,6523,190383,27.47,200
BHARATRAS,EQ, 16-Oct-2020,8736.7,8799.95,8849.95,8480.0, 8728.90,8684.7,8631.2,4383,378.31,2002,2316,52.84,199
SCI,EQ, 16-Oct-2020,50.1,50.9,52.45,50.4, 52.10,52.05,51.53,1138675,586.75,6080,383168,33.65,197
JSLHISAR,EQ, 16-Oct-2020,96.75,96.05,97.8,92.75, 96.70,96.1,94.94,387862,368.25,3474,207033,53.38,196
NH,EQ, 16-Oct-2020,348.35,348.35,354.9,332.0, 335.50,338.4,340.75,101578,346.13,5239,57308,56.42,195
PRAKASH,EQ, 16-Oct-2020,42.6,43.25,46.0,43.25, 44.40,44.65,44.97,879610,395.56,4729,426664,48.51,191
RAIN,EQ, 16-Oct-2020,94.55,94.85,96.2,94.4, 94.70,94.9,95.3,582718,555.3,6880,200222,34.36,190
CYBERTECH,EQ, 16-Oct-2020,94.6,93.0,98.5,90.05, 91.95,91.65,94.05,793167,745.94,9480,201611,25.42,189
HATSUN,EQ, 16-Oct-2020,818.85,820.0,850.0,820.0, 849.00,841.5,836.83,42427,355.04,3182,22655,53.4,189
ARVIND,EQ, 16-Oct-2020,33.05,33.1,34.35,33.05, 34.05,34.1,33.72,1502731,506.75,5159,561241,37.35,189
SAGCEM,EQ, 16-Oct-2020,576.95,577.1,622.8,571.35, 609.85,603.1,602.94,50863,306.67,3028,31451,61.83,189
SOUTHBANK,EQ, 16-Oct-2020,6.75,6.75,6.8,6.6, 6.70,6.65,6.72,5375351,361.36,7490,2776670,51.66,186
PGHL,EQ, 16-Oct-2020,5095.35,5177.0,5177.0,5073.35, 5099.00,5096.15,5105.87,5885,300.48,1858,3647,61.97,186
ALPA,EQ, 16-Oct-2020,43.3,44.4,47.6,44.1, 47.60,47.6,47.19,920264,434.26,5031,396244,43.06,186
KRBL,EQ, 16-Oct-2020,261.95,264.0,264.8,256.8, 261.85,260.9,260.1,126998,330.32,4278,71654,56.42,186
EBBETF0430,EQ, 16-Oct-2020,1113.11,1114.99,1116.7,1114.2, 1116.70,1116.54,1115.6,17136,191.17,113,16587,96.8,185
GALAXYSURF,EQ, 16-Oct-2020,1733.4,1751.95,1759.9,1712.0, 1716.90,1716.85,1726.44,19316,333.48,2116,10664,55.21,184
GARFIBRES,EQ, 16-Oct-2020,2024.25,2029.0,2086.0,1965.55, 2000.00,1988.95,1993.7,19273,384.25,3460,9152,47.49,182
BALAMINES,EQ, 16-Oct-2020,820.8,827.2,842.0,815.0, 833.05,832.3,832.21,71017,591.01,3174,21890,30.82,182
DHANUKA,EQ, 16-Oct-2020,717.55,738.25,744.0,725.0, 734.90,736.3,734.61,73128,537.21,5897,24863,34.0,182
VALIANTORG,EQ, 16-Oct-2020,3515.35,3491.0,3649.0,3431.1, 3480.00,3533.2,3529.36,9127,322.12,2112,5146,56.38,181
PRSMJOHNSN,EQ, 16-Oct-2020,66.85,66.85,68.35,65.95, 67.00,67.0,67.04,356428,238.96,4989,268621,75.36,180
RBL,EQ, 16-Oct-2020,683.9,687.0,705.0,654.3, 660.40,660.8,680.82,82878,564.25,6304,26348,31.79,179
BEML,EQ, 16-Oct-2020,602.55,600.55,612.0,596.0, 601.70,602.0,602.05,208351,1254.38,7706,29633,14.22,178
TANLA,EQ, 16-Oct-2020,277.9,278.05,289.45,277.0, 286.70,287.1,283.72,143682,407.66,2106,62085,43.21,176
UJJIVAN,EQ, 16-Oct-2020,207.0,207.0,210.8,207.0, 209.95,209.25,208.76,379478,792.21,5842,84555,22.28,176
SANGHIIND,EQ, 16-Oct-2020,23.95,24.1,24.55,23.25, 23.50,23.5,23.65,919693,217.48,1852,715104,77.75,169
FDC,EQ, 16-Oct-2020,341.75,343.0,349.45,338.1, 348.00,348.2,344.76,158180,545.34,5570,48536,30.68,167
POLYCAB,EQ, 16-Oct-2020,802.15,806.75,813.95,803.0, 805.95,806.95,807.89,51702,417.69,3284,20566,39.78,166
ABCAPITAL,EQ, 16-Oct-2020,60.8,60.05,61.5,59.85, 60.55,60.55,60.62,836061,506.79,5198,271918,32.52,164
FINEORG,EQ, 16-Oct-2020,2528.65,2549.95,2574.9,2524.15, 2568.00,2566.55,2559.45,16765,429.09,3270,6393,38.13,163
RESPONIND,EQ, 16-Oct-2020,117.2,118.15,127.6,117.65, 124.50,125.45,122.66,463677,568.73,4820,133430,28.78,163
IDFC,EQ, 16-Oct-2020,28.6,28.95,29.25,28.2, 29.20,29.1,28.69,1370924,393.32,4998,565296,41.23,162
PRICOLLTD,EQ, 16-Oct-2020,46.5,46.65,48.8,45.85, 48.75,48.8,48.32,369448,178.53,684,333962,90.39,161
ERIS,EQ, 16-Oct-2020,495.4,497.35,499.0,490.0, 493.00,493.0,493.03,49163,242.39,3884,32836,66.79,161
SPARC,EQ, 16-Oct-2020,168.1,169.25,169.8,165.35, 166.80,167.15,167.32,329150,550.73,6666,95696,29.07,160
KTKBANK,EQ, 16-Oct-2020,42.35,42.9,43.2,42.25, 43.10,43.0,42.69,866030,369.72,4676,374780,43.28,159
DCAL,EQ, 16-Oct-2020,156.8,155.35,159.4,154.1, 156.00,156.7,155.94,244534,381.33,5022,101835,41.64,158
EIDPARRY,EQ, 16-Oct-2020,260.95,261.05,266.5,260.1, 266.00,263.2,263.01,111300,292.73,5174,60115,54.01,158
MOREPENLAB,EQ, 16-Oct-2020,27.2,27.4,28.1,26.5, 27.70,27.6,27.41,1587786,435.18,4230,577512,36.37,158
ASTEC,EQ, 16-Oct-2020,1021.15,1029.9,1050.0,1010.0, 1036.00,1033.0,1031.78,42194,435.35,2828,15371,36.43,158
JAMNAAUTO,EQ, 16-Oct-2020,43.0,43.0,43.7,40.85, 42.50,42.5,42.15,971081,409.27,6894,375550,38.67,158
BANKINDIA,EQ, 16-Oct-2020,39.55,39.5,40.25,39.2, 39.30,39.4,39.57,2071928,819.81,6143,401226,19.36,158
FCONSUMER,EQ, 16-Oct-2020,7.15,7.1,7.2,7.0, 7.05,7.0,7.06,4411968,311.33,5945,2221284,50.35,156
COSMOFILMS,EQ, 16-Oct-2020,424.7,424.85,432.0,421.8, 425.60,427.2,427.45,64399,275.27,2398,36342,56.43,155
CAMLINFINE,EQ, 16-Oct-2020,102.45,104.3,106.5,102.65, 104.10,104.0,104.1,252530,262.88,3663,148733,58.9,154
INTELLECT,EQ, 16-Oct-2020,239.1,240.0,244.45,233.0, 237.00,236.05,238.42,110044,262.36,2709,64320,58.45,153
KCP,EQ, 16-Oct-2020,60.85,62.45,64.9,61.1, 62.50,62.85,63.45,1320740,837.99,11606,242088,18.33,153
HIKAL,EQ, 16-Oct-2020,172.15,173.0,176.2,170.6, 173.05,173.05,172.98,489348,846.45,6387,88037,17.99,152
TINPLATE,EQ, 16-Oct-2020,130.2,131.0,135.8,131.0, 133.90,133.45,133.67,414915,554.6,7639,112234,27.05,150
GODREJIND,EQ, 16-Oct-2020,383.55,385.35,387.0,373.75, 378.00,376.2,379.41,75462,286.31,4151,39603,52.48,150
VIPIND,EQ, 16-Oct-2020,287.3,286.5,290.5,284.2, 285.40,284.95,286.45,118331,338.96,4621,51685,43.68,148
FLUOROCHEM,EQ, 16-Oct-2020,473.75,489.8,504.9,483.35, 492.10,490.0,491.73,56793,279.27,3150,30217,53.21,148
MEGH,EQ, 16-Oct-2020,75.85,77.2,77.4,74.4, 75.75,75.7,75.85,628293,476.55,4705,193823,30.85,147
VARROC,EQ, 16-Oct-2020,305.1,307.0,310.95,303.55, 307.70,306.75,306.93,97951,300.64,10791,48102,49.11,147
SPICEJET,EQ, 16-Oct-2020,47.85,48.1,48.55,47.6, 47.95,47.9,47.98,770192,369.53,3949,305936,39.72,146
ALEMBICLTD,EQ, 16-Oct-2020,98.85,99.15,102.75,99.15, 101.20,101.05,101.04,416390,420.71,8270,144369,34.67,145
VGUARD,EQ, 16-Oct-2020,166.65,167.15,167.5,165.5, 167.20,167.05,166.63,168174,280.23,3743,86495,51.43,144
VAKRANGEE,EQ, 16-Oct-2020,29.1,29.1,29.5,28.8, 29.25,29.35,29.2,688536,201.05,2269,495711,71.99,144
DCBBANK,EQ, 16-Oct-2020,76.45,76.7,77.6,75.65, 76.95,76.8,76.8,514645,395.26,4963,186752,36.29,143
SKFINDIA,EQ, 16-Oct-2020,1452.65,1459.85,1472.95,1440.65, 1470.95,1468.95,1461.3,14432,210.89,4474,9825,68.08,143
ALLCARGO,EQ, 16-Oct-2020,116.55,116.15,118.5,116.1, 117.50,117.55,117.26,204684,240.02,3113,120863,59.05,141
CESC,EQ, 16-Oct-2020,573.4,572.25,582.0,569.0, 576.05,577.25,575.54,74222,427.17,3283,24040,32.39,138
GODREJAGRO,EQ, 16-Oct-2020,528.95,522.25,530.95,514.85, 525.00,526.05,524.49,57833,303.33,3024,26165,45.24,137
CENTURYPLY,EQ, 16-Oct-2020,172.0,174.0,175.0,170.45, 173.00,173.6,172.4,153346,264.36,3807,78993,51.51,136
KSB,EQ, 16-Oct-2020,453.05,455.0,464.5,455.0, 464.20,463.6,460.39,38254,176.12,2113,29541,77.22,136
MASFIN,EQ, 16-Oct-2020,821.35,814.0,848.95,807.0, 817.00,817.7,826.45,30229,249.83,3180,16299,53.92,134
BALPHARMA,EQ, 16-Oct-2020,65.7,68.0,72.25,63.05, 71.20,70.95,69.01,918590,633.95,7899,192908,21.0,133
VAIBHAVGBL,EQ, 16-Oct-2020,1815.9,1821.0,1854.95,1805.0, 1850.00,1843.8,1825.16,10409,189.98,1542,7338,70.5,133
TTKPRESTIG,EQ, 16-Oct-2020,5721.25,5735.6,5746.0,5625.0, 5700.00,5683.3,5662.52,5555,314.55,1670,2358,42.45,133
PHOENIXLTD,EQ, 16-Oct-2020,563.15,566.0,571.9,561.0, 565.00,565.2,566.31,55520,314.41,4383,22932,41.3,129
ORIENTELEC,EQ, 16-Oct-2020,192.8,193.25,198.0,190.0, 195.80,196.85,193.64,150536,291.49,4110,67019,44.52,129
SINTEX,EQ, 16-Oct-2020,2.4,2.5,2.5,2.5, 2.50,2.5,2.5,7079590,176.99,867,5141343,72.62,128
ASTRAL,EQ, 16-Oct-2020,1148.25,1148.25,1161.05,1142.65, 1145.05,1148.7,1151.3,27296,314.26,3470,10951,40.12,126
SHALBY,EQ, 16-Oct-2020,91.05,91.05,94.85,90.05, 91.30,91.75,92.68,402538,373.07,5647,135399,33.64,125
CHENNPETRO,EQ, 16-Oct-2020,64.85,64.85,65.45,63.8, 64.20,63.95,64.23,332112,213.3,3899,191687,57.72,123
BDL,EQ, 16-Oct-2020,290.35,290.35,296.2,288.45, 295.90,295.2,292.3,144811,423.28,5705,41452,28.62,121
FLFL,EQ, 16-Oct-2020,75.45,76.05,76.1,73.15, 74.95,73.85,74.48,327245,243.72,2498,162268,49.59,120
ABB,EQ, 16-Oct-2020,858.55,855.1,867.0,850.7, 862.00,863.8,857.72,32896,282.16,2671,14007,42.58,120
RCF,EQ, 16-Oct-2020,43.2,42.85,45.15,42.85, 44.80,44.65,43.83,567102,248.54,3533,275334,48.55,120
HIMATSEIDE,EQ, 16-Oct-2020,117.2,119.0,121.95,115.0, 117.85,116.4,117.72,441497,519.73,6719,102073,23.12,120
EMAMILTD,EQ, 16-Oct-2020,339.3,340.25,350.0,340.25, 347.40,347.45,347.06,104010,360.98,6861,34460,33.13,119
BFUTILITIE,EQ, 16-Oct-2020,250.35,251.95,259.55,248.1, 254.15,255.7,254.37,210068,534.34,6636,46823,22.29,119
PRINCEPIPE,EQ, 16-Oct-2020,227.1,229.9,235.0,223.0, 228.60,228.9,230.25,137021,315.49,3100,52066,38.0,119
FMGOETZE,EQ, 16-Oct-2020,357.55,351.0,353.0,339.7, 339.70,339.7,346.26,61106,211.58,874,34226,56.01,118
MOIL,EQ, 16-Oct-2020,132.15,133.0,134.9,125.8, 132.00,132.55,131.78,196835,259.38,3416,90154,45.8,118
BAJAJELEC,EQ, 16-Oct-2020,501.35,507.0,518.0,501.45, 514.70,513.65,509.35,173942,885.98,7315,23135,13.3,117
SASKEN,EQ, 16-Oct-2020,724.65,729.9,740.35,702.0, 729.00,727.45,720.16,63379,456.43,4236,16318,25.75,117
ITI,EQ, 16-Oct-2020,121.6,124.0,124.85,122.0, 122.50,123.05,123.25,495252,610.4,6637,95185,19.22,117
DBL,EQ, 16-Oct-2020,327.25,327.25,330.0,323.05, 326.00,325.05,325.04,61841,201.01,2260,35373,57.2,114
KARURVYSYA,EQ, 16-Oct-2020,29.85,29.85,30.65,29.7, 30.50,30.4,30.1,797809,240.16,3066,380916,47.75,114
TIRUMALCHM,EQ, 16-Oct-2020,75.55,76.2,77.6,73.6, 75.85,75.7,75.82,460145,348.89,3803,150984,32.81,114
VSTIND,EQ, 16-Oct-2020,3306.3,3329.95,3375.0,3311.0, 3370.00,3369.25,3359.62,5016,168.52,1093,3403,67.84,114
GAYAPROJ,EQ, 16-Oct-2020,22.1,22.3,23.0,21.1, 22.60,22.6,22.48,859715,193.23,2453,506468,58.91,113
MAXHEALTH,EQ, 16-Oct-2020,107.15,107.5,109.15,106.6, 107.90,108.1,108.21,170235,184.21,1753,104544,61.41,113
ZENSARTECH,EQ, 16-Oct-2020,184.6,186.8,187.4,176.55, 183.00,182.7,181.81,157530,286.4,5816,62390,39.61,113
CEATLTD,EQ, 16-Oct-2020,986.2,982.75,997.1,975.85, 992.00,992.0,987.29,80443,794.21,8108,11415,14.19,112
SHREDIGCEM,EQ, 16-Oct-2020,49.9,51.05,52.4,50.15, 52.10,51.9,51.52,827776,426.44,4389,216917,26.2,111
ZYDUSWELL,EQ, 16-Oct-2020,1784.1,1784.1,1825.0,1782.15, 1814.30,1817.5,1804.17,12073,217.82,2092,6165,51.06,111
AMRUTANJAN,EQ, 16-Oct-2020,403.25,405.2,411.95,400.25, 408.95,407.2,405.87,53669,217.83,2789,27561,51.35,111
ORISSAMINE,EQ, 16-Oct-2020,2165.4,2165.4,2205.0,2105.0, 2154.00,2125.05,2159.01,9530,205.75,2031,5129,53.82,110
KIOCL,EQ, 16-Oct-2020,146.55,146.9,150.5,132.65, 135.30,134.45,138.24,192144,265.62,3873,78606,40.91,108
AEGISCHEM,EQ, 16-Oct-2020,208.1,207.9,214.45,207.9, 213.60,212.4,211.86,110066,233.18,9282,51411,46.71,108
COCHINSHIP,EQ, 16-Oct-2020,321.85,321.85,325.85,321.0, 322.95,323.35,322.91,65452,211.35,2260,33271,50.83,107
SUZLON,EQ, 16-Oct-2020,2.85,2.8,2.85,2.7, 2.80,2.8,2.78,6702146,186.19,9129,3849714,57.44,107
GICHSGFIN,EQ, 16-Oct-2020,99.1,100.0,102.8,99.7, 100.60,101.0,100.85,345896,348.82,3832,106274,30.72,107
CESCVENT,EQ, 16-Oct-2020,211.4,213.5,226.95,211.05, 226.00,225.8,223.46,182424,407.65,3497,47262,25.91,105
GILLETTE,EQ, 16-Oct-2020,5275.1,5275.0,5350.0,5253.0, 5270.00,5289.25,5279.18,3194,168.62,1105,2006,62.81,105
AKZOINDIA,EQ, 16-Oct-2020,1983.1,2000.0,2038.3,1975.15, 1996.50,1998.4,1989.53,7314,145.51,1655,5278,72.16,105
SUVEN,EQ, 16-Oct-2020,48.0,48.25,49.95,46.95, 48.45,48.7,48.15,736125,354.42,4511,216996,29.48,104
KPRMILL,EQ, 16-Oct-2020,654.05,650.15,672.25,635.0, 638.20,637.4,641.39,23725,152.17,1515,16352,68.92,104
SYMPHONY,EQ, 16-Oct-2020,840.25,844.45,856.15,835.1, 838.00,837.95,841.82,22367,188.29,2834,12326,55.11,103
INGERRAND,EQ, 16-Oct-2020,557.8,557.8,599.7,555.0, 590.00,584.75,574.94,40658,233.76,4572,17603,43.3,101
TATACOFFEE,EQ, 16-Oct-2020,100.3,100.45,101.6,99.4, 100.40,100.35,100.28,246725,247.42,3126,100916,40.9,101
CARBORUNIV,EQ, 16-Oct-2020,236.85,239.8,242.15,237.2, 240.00,239.25,239.73,71530,171.48,2663,42171,58.96,101
DHAMPURSUG,EQ, 16-Oct-2020,139.05,139.4,141.7,138.15, 140.70,141.05,140.44,248188,348.55,3125,71698,28.89,100
PNCINFRA,EQ, 16-Oct-2020,165.75,166.5,168.0,163.45, 164.50,164.9,165.0,95765,158.01,2404,60308,62.97,99
JKTYRE,EQ, 16-Oct-2020,56.2,56.5,58.1,56.15, 57.85,57.7,57.3,460780,264.02,4133,174250,37.82,99
APEX,EQ, 16-Oct-2020,266.15,268.85,272.0,265.95, 270.50,270.0,268.74,58319,156.72,1798,36706,62.94,98
TIMKEN,EQ, 16-Oct-2020,1023.85,1039.0,1043.6,1025.55, 1038.00,1035.9,1036.81,16078,166.7,2744,9451,58.78,97
EDELWEISS,EQ, 16-Oct-2020,57.0,57.45,58.0,56.4, 56.90,57.0,57.23,297854,170.47,2561,169389,56.87,96
TIMETECHNO,EQ, 16-Oct-2020,38.75,38.65,38.95,37.6, 38.00,37.9,38.01,584104,222.02,3187,253659,43.43,96
DYNPRO,EQ, 16-Oct-2020,243.7,244.7,249.95,235.35, 239.00,239.35,241.23,95454,230.27,3357,39721,41.61,95
INDIANB,EQ, 16-Oct-2020,56.6,57.4,57.8,56.55, 57.40,57.5,57.24,597521,342.05,4736,166767,27.91,95
IRCON,EQ, 16-Oct-2020,73.25,73.4,74.7,73.25, 74.50,74.15,73.9,242663,179.33,3043,128511,52.96,94
DWARKESH,EQ, 16-Oct-2020,27.15,27.0,28.25,26.8, 27.70,27.7,27.64,731326,202.12,2548,337662,46.17,93
ORIENTCEM,EQ, 16-Oct-2020,57.35,57.8,58.3,56.85, 57.80,57.5,57.2,256338,146.63,4450,163147,63.65,93
AVADHSUGAR,EQ, 16-Oct-2020,168.85,167.0,194.0,167.0, 186.75,187.5,187.46,202230,379.09,5266,49992,24.72,93
ENDURANCE,EQ, 16-Oct-2020,1103.4,1108.85,1108.95,1080.1, 1086.00,1084.75,1089.37,19744,215.09,2188,8627,43.69,93
GODFRYPHLP,EQ, 16-Oct-2020,866.15,870.45,878.0,858.25, 859.70,859.8,866.92,29390,254.79,3759,10831,36.85,93
BALMLAWRIE,EQ, 16-Oct-2020,101.3,101.55,103.5,101.55, 103.50,103.2,102.75,144776,148.76,3947,89173,61.59,91
EXCELINDUS,EQ, 16-Oct-2020,919.55,920.0,934.45,887.0, 894.55,892.15,899.45,19761,177.74,2972,10188,51.56,91
UFLEX,EQ, 16-Oct-2020,303.2,303.0,311.0,301.05, 311.00,309.55,305.56,56362,172.22,3682,28893,51.26,88
HSCL,EQ, 16-Oct-2020,49.85,50.1,50.6,49.3, 49.95,49.9,50.06,488433,244.5,2751,176958,36.23,88
PANACEABIO,EQ, 16-Oct-2020,184.25,183.2,189.2,178.85, 181.45,181.7,184.64,87230,161.06,1682,48091,55.13,88
SHRIRAMCIT,EQ, 16-Oct-2020,821.4,825.05,845.0,819.8, 825.00,825.25,832.2,16632,138.41,1716,10677,64.2,88
DAAWAT,EQ, 16-Oct-2020,49.3,49.1,50.2,48.8, 49.20,49.45,49.3,464910,229.18,3616,179431,38.59,88
RIIL,EQ, 16-Oct-2020,377.15,377.25,382.0,371.5, 374.00,374.65,376.12,109547,412.03,4311,23408,21.37,88
LIQUIDETF,EQ, 16-Oct-2020,999.99,1000.01,1000.01,999.99, 1000.00,1000.0,1000.0,10212,102.12,26,8711,85.3,87
BASF,EQ, 16-Oct-2020,1416.65,1410.0,1435.45,1327.5, 1415.15,1412.65,1403.74,16866,236.76,1948,6205,36.79,87
GAEL,EQ, 16-Oct-2020,114.9,115.3,119.0,115.3, 118.50,118.25,117.68,117704,138.51,2342,74369,63.18,87
MAITHANALL,EQ, 16-Oct-2020,486.9,485.05,501.95,482.7, 500.00,498.0,492.54,26916,132.57,1243,17561,65.24,86
JINDALPOLY,EQ, 16-Oct-2020,456.95,457.0,460.0,429.5, 454.00,454.55,451.34,28527,128.75,1096,19067,66.84,86
NETWORK18,EQ, 16-Oct-2020,33.35,33.25,34.2,32.75, 33.45,33.1,33.22,450494,149.68,1653,254438,56.48,84
APCL,EQ, 16-Oct-2020,195.8,197.75,204.5,195.8, 203.00,202.45,201.16,86001,173.0,2408,41821,48.63,84
ALANKIT,EQ, 16-Oct-2020,14.35,13.35,16.8,13.35, 16.40,16.6,15.67,1374067,215.3,3491,536510,39.05,84
DCMSHRIRAM,EQ, 16-Oct-2020,337.0,335.05,343.0,334.05, 338.25,337.0,337.33,39462,133.12,2100,25088,63.58,84
PRAJIND,EQ, 16-Oct-2020,73.7,73.7,74.45,72.7, 73.95,74.0,73.62,402517,296.32,4607,113906,28.3,83
SPANDANA,EQ, 16-Oct-2020,552.45,556.5,570.55,530.0, 543.00,545.1,545.11,33471,182.45,2410,15349,45.86,83
CPSEETF,EQ, 16-Oct-2020,15.72,15.81,15.88,15.65, 15.88,15.84,15.78,697525,110.06,1514,531820,76.24,83
ESTER,EQ, 16-Oct-2020,92.65,95.65,95.65,91.7, 94.40,94.0,93.59,184105,172.31,3317,88912,48.29,83
NAVNETEDUL,EQ, 16-Oct-2020,76.4,76.8,81.4,76.1, 79.35,79.2,79.1,335843,265.67,3734,104707,31.18,82
WABCOINDIA,EQ, 16-Oct-2020,5161.25,5150.05,5208.85,5000.0, 5044.00,5026.25,5053.99,5818,294.04,2432,1624,27.91,82
MSTCLTD,EQ, 16-Oct-2020,151.8,153.4,153.65,149.3, 151.45,150.4,151.26,132688,200.7,2705,53841,40.58,81
ZENTEC,EQ, 16-Oct-2020,78.7,79.1,81.0,76.45, 80.80,80.35,79.35,253459,201.11,3235,100431,39.62,79
EXPLEOSOL,EQ, 16-Oct-2020,578.25,582.9,603.0,555.15, 574.00,575.05,576.32,41332,238.2,4563,13869,33.56,79
N100,EQ, 16-Oct-2020,851.41,851.41,860.0,850.0, 860.00,858.63,855.22,21230,181.56,1118,9339,43.99,79
GTPL,EQ, 16-Oct-2020,121.85,123.9,128.0,120.9, 123.20,123.6,124.1,167691,208.1,3104,64325,38.36,79
VIVIMEDLAB,EQ, 16-Oct-2020,15.25,14.5,16.0,14.5, 16.00,15.95,14.95,939409,140.43,1806,531336,56.56,79
PAPERPROD,EQ, 16-Oct-2020,299.3,302.4,305.0,293.0, 299.00,301.6,300.01,57537,172.62,2497,26152,45.45,78
GUJALKALI,EQ, 16-Oct-2020,314.2,315.0,319.7,311.05, 313.00,314.1,314.71,56010,176.27,2416,24943,44.53,78
JUNIORBEES,EQ, 16-Oct-2020,282.45,289.95,289.95,281.0, 284.09,284.18,283.63,44842,127.19,1880,27689,61.75,78
ARVINDFASN,EQ, 16-Oct-2020,122.95,123.2,129.0,123.0, 126.15,126.9,125.84,137378,172.88,2794,61796,44.98,77
THOMASCOOK,EQ, 16-Oct-2020,27.65,27.65,27.8,27.0, 27.15,27.1,27.18,386953,105.17,3343,284348,73.48,77
JINDALSAW,EQ, 16-Oct-2020,60.75,60.8,61.5,59.8, 60.70,60.8,60.61,336579,204.0,3084,128430,38.16,77
OMAXE,EQ, 16-Oct-2020,64.85,65.1,67.0,64.05, 66.80,64.95,64.53,194334,125.41,2179,118464,60.96,76
RVNL,EQ, 16-Oct-2020,18.5,18.55,18.7,18.45, 18.60,18.55,18.56,926014,171.87,2958,414453,44.76,76
TRIVENI,EQ, 16-Oct-2020,72.05,72.25,72.9,71.15, 72.00,72.15,72.01,215950,155.51,1757,104415,48.35,75
CSBBANK,EQ, 16-Oct-2020,227.05,226.1,233.0,226.0, 233.00,230.9,229.85,60548,139.17,3105,32965,54.44,75
INDOCO,EQ, 16-Oct-2020,252.05,251.5,255.55,250.5, 252.40,252.15,252.44,63296,159.79,2710,29803,47.09,75
ADFFOODS,EQ, 16-Oct-2020,401.3,408.7,416.0,400.05, 413.80,413.45,409.62,36518,149.59,1277,18392,50.36,75
HESTERBIO,EQ, 16-Oct-2020,1774.45,1758.0,1810.0,1725.0, 1732.65,1733.05,1750.18,7809,136.67,1192,4242,54.32,74
ZEELEARN,EQ, 16-Oct-2020,11.2,11.5,11.5,10.8, 11.05,11.05,10.97,1385699,152.05,2536,676931,48.85,74
WABAG,EQ, 16-Oct-2020,184.95,185.0,189.55,185.0, 187.00,187.1,187.26,92557,173.33,6680,39927,43.14,74
JKPAPER,EQ, 16-Oct-2020,88.55,88.85,89.3,88.1, 88.90,88.8,88.74,165575,146.93,2722,82777,49.99,73
LEMONTREE,EQ, 16-Oct-2020,27.3,27.35,27.8,26.2, 27.60,27.45,27.02,627706,169.63,2582,271284,43.22,73
RPOWER,EQ, 16-Oct-2020,2.5,2.55,2.6,2.5, 2.55,2.55,2.54,5416655,137.43,44899,2843413,52.49,72
ASTERDM,EQ, 16-Oct-2020,129.95,130.55,134.5,130.0, 134.05,133.25,131.97,107169,141.43,3209,54912,51.24,72
RITES,EQ, 16-Oct-2020,238.95,241.5,241.5,239.0, 240.90,239.65,239.71,62087,148.83,2367,29833,48.05,71
GMDCLTD,EQ, 16-Oct-2020,44.25,44.3,45.05,43.55, 44.30,44.4,44.03,395031,173.94,2525,161050,40.77,70
RANEHOLDIN,EQ, 16-Oct-2020,431.15,438.7,443.0,425.25, 430.00,428.95,431.41,32130,138.61,1823,16451,51.2,70
SAKSOFT,EQ, 16-Oct-2020,376.3,378.0,386.5,365.6, 383.00,378.6,374.18,58885,220.34,2804,18747,31.84,70
DEN,EQ, 16-Oct-2020,82.1,82.1,83.75,77.5, 78.15,78.0,79.44,255045,202.61,3960,87854,34.45,69
SUNDRMFAST,EQ, 16-Oct-2020,403.25,403.9,411.9,403.0, 408.00,405.65,405.0,28425,115.12,1732,17141,60.3,69
SARDAEN,EQ, 16-Oct-2020,226.0,226.6,241.0,219.85, 241.00,237.2,231.54,71413,165.35,2585,30173,42.25,69
ADANIPOWER,EQ, 16-Oct-2020,36.1,36.2,36.35,35.9, 36.00,36.0,36.05,440489,158.79,1650,191882,43.56,69
MINDACORP,EQ, 16-Oct-2020,65.55,66.9,67.8,66.15, 66.80,66.75,66.92,205567,137.56,2418,104017,50.6,69
TAKE,EQ, 16-Oct-2020,43.15,43.3,43.95,42.4, 43.10,42.95,42.88,299904,128.6,2043,160999,53.68,69
JAICORPLTD,EQ, 16-Oct-2020,85.1,83.8,85.65,83.3, 84.60,84.55,84.38,452556,381.85,4316,81808,18.08,69
ITDCEM,EQ, 16-Oct-2020,49.95,50.0,50.4,49.25, 50.00,50.0,49.89,225955,112.73,3390,138174,61.15,68
ARMANFIN,EQ, 16-Oct-2020,540.9,535.1,593.0,535.1, 574.80,570.6,573.23,24422,139.99,1903,11897,48.71,68
WESTLIFE,EQ, 16-Oct-2020,375.25,377.0,384.75,376.25, 378.00,379.85,379.99,42283,160.67,4293,18045,42.68,68
JMFINANCIL,EQ, 16-Oct-2020,76.25,76.4,77.65,75.95, 76.40,76.35,76.56,195127,149.38,1944,89110,45.67,68
NETFIT,EQ, 16-Oct-2020,21.68,22.2,22.48,21.35, 21.65,21.64,21.62,407931,88.2,1258,317627,77.86,68
JPASSOCIAT,EQ, 16-Oct-2020,3.75,3.75,3.75,3.6, 3.60,3.6,3.64,5305577,193.17,1086,1868610,35.22,68
SIS,EQ, 16-Oct-2020,349.55,351.0,356.55,348.0, 349.95,349.0,350.86,27222,95.51,2903,19576,71.91,68
IIFL,EQ, 16-Oct-2020,75.8,75.5,76.45,74.1, 75.50,75.55,75.26,253385,190.7,3177,91031,35.93,68
CONFIPET,EQ, 16-Oct-2020,25.45,25.7,26.3,25.6, 26.00,25.9,25.91,348036,90.17,1043,263091,75.59,68
KOTAKGOLD,EQ, 16-Oct-2020,442.55,445.3,446.45,444.15, 445.70,445.05,445.43,20828,92.77,468,15242,73.18,67
SWSOLAR,EQ, 16-Oct-2020,203.8,208.0,209.0,203.2, 207.50,206.45,205.68,73951,152.1,2553,32610,44.1,67
RENUKA,EQ, 16-Oct-2020,9.9,10.35,10.35,10.15, 10.35,10.35,10.35,879844,91.06,626,639414,72.67,66
GREAVESCOT,EQ, 16-Oct-2020,71.2,71.75,72.1,70.3, 71.50,71.2,71.12,204384,145.36,4082,93222,45.61,66
KELLTONTEC,EQ, 16-Oct-2020,49.85,49.2,50.8,47.9, 48.20,48.3,48.91,282568,138.19,1190,133095,47.1,65
RELINFRA,EQ, 16-Oct-2020,21.6,21.6,22.2,21.15, 21.20,21.2,21.52,749450,161.25,2114,305890,40.82,65
VIDHIING,EQ, 16-Oct-2020,128.2,129.9,133.85,126.0, 127.15,128.8,129.95,129260,167.97,3371,50143,38.79,65
HCC,EQ, 16-Oct-2020,4.9,4.9,5.0,4.6, 4.85,4.8,4.8,2327997,111.76,2896,1341451,57.62,64
J&KBANK,EQ, 16-Oct-2020,14.55,14.55,14.75,14.4, 14.60,14.55,14.53,606864,88.2,1507,445813,73.46,64
APOLLOPIPE,EQ, 16-Oct-2020,395.35,397.0,403.0,386.1, 400.00,397.9,393.91,33897,133.52,1625,16372,48.3,64
NLCINDIA,EQ, 16-Oct-2020,49.45,49.65,50.4,49.3, 50.15,49.95,49.83,187875,93.61,1540,129518,68.94,64
KESORAMIND,EQ, 16-Oct-2020,39.85,40.2,41.35,39.35, 40.90,40.95,40.51,383046,155.17,2425,157213,41.04,63
MANGLMCEM,EQ, 16-Oct-2020,185.75,185.7,193.45,185.65, 192.40,192.8,190.76,79979,152.56,2131,33145,41.44,63
RAJESHEXPO,EQ, 16-Oct-2020,444.95,447.05,450.3,445.0, 446.35,446.1,446.49,31941,142.61,2254,14263,44.65,63
MAGMA,EQ, 16-Oct-2020,32.8,33.1,33.6,32.4, 32.95,32.95,32.89,386521,127.11,1584,191693,49.59,63
MAHLOG,EQ, 16-Oct-2020,338.5,339.0,341.0,325.5, 330.00,332.15,332.43,36661,121.87,2536,19009,51.85,63
POWERMECH,EQ, 16-Oct-2020,388.4,386.2,393.9,381.0, 386.30,385.25,384.74,29749,114.46,1502,16383,55.07,63
SADBHAV,EQ, 16-Oct-2020,48.8,48.8,50.3,47.5, 50.00,49.7,48.89,238174,116.45,1551,127116,53.37,62
IGARASHI,EQ, 16-Oct-2020,273.7,274.15,287.9,273.6, 285.80,286.3,282.71,34296,96.96,1171,22041,64.27,62
TEAMLEASE,EQ, 16-Oct-2020,2295.0,2281.0,2385.0,2265.0, 2366.00,2364.85,2318.4,7268,168.5,1774,2694,37.07,62
NESCO,EQ, 16-Oct-2020,520.9,521.2,534.05,521.2, 529.85,528.4,526.66,31686,166.88,2450,11683,36.87,61
TCIEXP,EQ, 16-Oct-2020,787.7,791.65,796.7,769.0, 784.00,787.25,781.02,17160,134.02,2494,7860,45.8,61
CANTABIL,EQ, 16-Oct-2020,323.25,327.45,333.0,320.05, 324.00,328.6,323.13,107946,348.81,3582,18929,17.54,61
FORCEMOT,EQ, 16-Oct-2020,1014.25,1016.0,1035.1,1005.0, 1010.00,1012.8,1018.44,15264,155.45,2028,5912,38.73,60
ESABINDIA,EQ, 16-Oct-2020,1326.45,1329.9,1338.45,1290.0, 1308.75,1299.75,1303.48,5973,77.86,868,4642,77.72,60
LAOPALA,EQ, 16-Oct-2020,213.4,212.0,217.85,204.5, 210.80,209.05,211.48,68060,143.94,2651,28657,42.11,60
BRIGADE,EQ, 16-Oct-2020,159.15,160.6,162.95,156.9, 157.00,159.05,159.16,59259,94.31,2030,37762,63.72,60
LINCOLN,EQ, 16-Oct-2020,233.55,230.0,235.0,225.2, 226.95,226.9,228.85,45947,105.15,1746,26358,57.37,60
FSC,EQ, 16-Oct-2020,86.6,86.75,88.0,84.0, 86.25,85.7,85.44,151418,129.38,2701,70818,46.77,60
SHK,EQ, 16-Oct-2020,85.75,85.75,87.7,84.25, 87.45,87.2,86.47,223963,193.67,2305,70275,31.38,60
SUPRAJIT,EQ, 16-Oct-2020,183.65,186.2,186.4,181.1, 185.00,185.2,183.48,71247,130.73,3267,33193,46.59,60
AGCNET,EQ, 16-Oct-2020,372.45,372.6,407.35,328.05, 397.50,394.3,387.24,22482,87.06,889,15484,68.87,59
TATAINVEST,EQ, 16-Oct-2020,848.95,850.45,862.2,843.5, 848.00,847.2,850.03,15103,128.38,1477,7038,46.6,59
SETFNIF50,EQ, 16-Oct-2020,121.25,121.2,122.0,121.0, 122.00,121.92,121.67,59527,72.43,573,48710,81.83,59
SWANENERGY,EQ, 16-Oct-2020,134.45,137.5,139.9,131.95, 137.95,137.6,136.04,224960,306.04,4103,43507,19.34,59
UJJIVANSFB,EQ, 16-Oct-2020,31.0,31.0,31.4,30.6, 31.00,30.85,30.87,334260,103.18,3399,189551,56.71,58
MANALIPETC,EQ, 16-Oct-2020,31.85,32.15,33.0,31.4, 32.30,32.35,32.24,435979,140.56,1753,182008,41.75,58
CIGNITITEC,EQ, 16-Oct-2020,486.95,489.5,490.0,481.0, 490.00,486.45,485.7,16998,82.56,672,11945,70.27,58
ASHOKA,EQ, 16-Oct-2020,61.95,61.95,63.0,61.05, 62.25,62.1,61.92,292674,181.23,2784,94017,32.12,58
INSECTICID,EQ, 16-Oct-2020,461.6,466.95,483.8,457.15, 474.00,477.9,470.74,26004,122.41,1225,12279,47.22,57
HGS,EQ, 16-Oct-2020,703.05,700.0,706.0,684.45, 692.30,691.95,693.07,13380,92.73,1203,8360,62.48,57
KNRCON,EQ, 16-Oct-2020,245.1,243.35,249.35,241.0, 244.75,245.25,244.27,42858,104.69,2394,23715,55.33,57
MAHLIFE,EQ, 16-Oct-2020,226.35,227.5,236.0,223.0, 234.00,232.0,226.39,36737,83.17,2125,25234,68.69,57
INFOBEAN,EQ, 16-Oct-2020,168.35,165.0,176.75,165.0, 166.05,166.25,170.21,71034,120.91,1416,33573,47.26,57
TIDEWATER,EQ, 16-Oct-2020,4343.25,4349.95,4389.0,4243.25, 4360.00,4334.65,4308.41,1829,78.8,384,1318,72.06,56
ICICIBANKP,EQ, 16-Oct-2020,127.15,127.03,135.0,126.89, 132.90,129.84,128.8,87525,112.73,630,43513,49.71,56
XCHANGING,EQ, 16-Oct-2020,91.9,92.95,93.45,90.0, 91.15,92.65,92.2,85580,78.9,987,61423,71.77,56
SESHAPAPER,EQ, 16-Oct-2020,130.9,131.1,131.85,128.4, 131.05,131.1,130.07,46898,61.0,329,43748,93.28,56
GRINDWELL,EQ, 16-Oct-2020,548.05,554.9,554.9,545.35, 551.00,551.8,550.03,15616,85.89,1184,10089,64.61,55
RPGLIFE,EQ, 16-Oct-2020,375.4,376.95,383.05,366.15, 370.20,370.75,374.29,29453,110.24,1295,14910,50.62,55
VTL,EQ, 16-Oct-2020,759.0,762.8,767.8,753.15, 760.00,760.35,761.24,12843,97.77,3017,7349,57.22,55
ATULAUTO,EQ, 16-Oct-2020,162.0,162.95,164.5,158.5, 160.50,160.45,160.46,61414,98.55,1943,34505,56.18,55
GOACARBON,EQ, 16-Oct-2020,216.65,220.0,228.0,213.1, 215.00,215.6,221.46,187045,414.24,10364,24956,13.34,55
ELECTCAST,EQ, 16-Oct-2020,18.15,18.1,18.9,17.85, 18.00,18.0,18.33,644432,118.14,1896,304847,47.3,55
DBCORP,EQ, 16-Oct-2020,76.55,77.45,77.45,75.0, 75.10,75.3,75.72,122955,93.1,2184,71837,58.43,54
SATIA,EQ, 16-Oct-2020,100.95,101.9,105.9,86.95, 102.50,103.0,99.13,140303,139.08,2789,55219,39.36,54
SAREGAMA,EQ, 16-Oct-2020,559.55,562.35,575.0,549.9, 554.00,556.6,556.71,14734,82.03,911,9731,66.04,54
EIHOTEL,EQ, 16-Oct-2020,75.25,75.6,77.2,75.0, 76.70,76.8,76.43,287776,219.94,4152,71502,24.85,54
SPENCERS,EQ, 16-Oct-2020,73.0,73.55,74.2,72.0, 73.10,73.0,72.97,202182,147.53,2291,74484,36.84,54
MAYURUNIQ,EQ, 16-Oct-2020,232.55,242.0,244.75,232.0, 244.00,243.75,238.41,37537,89.49,1662,22541,60.05,53
KILITCH,EQ, 16-Oct-2020,97.3,98.5,107.0,94.2, 104.05,105.5,103.02,90742,93.48,1956,52205,57.53,53
MAHSCOOTER,EQ, 16-Oct-2020,2852.45,2870.0,2897.45,2848.0, 2887.50,2875.25,2869.93,2844,81.62,686,1870,65.75,53
SMSPHARMA,EQ, 16-Oct-2020,86.8,87.65,88.5,86.65, 87.45,87.65,87.6,125457,109.91,1322,60916,48.56,53
IIFLSEC,EQ, 16-Oct-2020,37.2,37.85,38.0,36.8, 37.95,37.5,37.35,273354,102.09,901,142663,52.19,53
NRBBEARING,EQ, 16-Oct-2020,68.25,68.6,68.75,66.5, 67.00,66.95,67.32,119717,80.59,1318,77963,65.12,52
JSWISPL,EQ, 16-Oct-2020,17.95,18.2,19.25,17.5, 18.25,18.35,18.21,399348,72.71,778,291017,72.87,52
LAKSHVILAS,EQ, 16-Oct-2020,17.8,18.05,18.45,17.55, 17.85,17.8,17.83,522091,93.11,1647,296862,56.86,52
SCHAEFFLER,EQ, 16-Oct-2020,3502.1,3519.1,3529.75,3480.0, 3500.00,3510.4,3509.44,1787,62.71,353,1465,81.98,51
PLASTIBLEN,EQ, 16-Oct-2020,200.9,206.8,211.0,201.1, 210.20,209.25,207.19,34496,71.47,1155,24669,71.51,51
FINPIPE,EQ, 16-Oct-2020,512.15,512.1,519.6,512.0, 519.00,517.9,515.44,14863,76.61,1936,9986,67.19,51
HUDCO,EQ, 16-Oct-2020,31.2,31.5,31.65,31.1, 31.15,31.2,31.25,529764,165.57,1977,166310,31.39,51
SETFNIFBK,EQ, 16-Oct-2020,229.9,232.0,235.5,230.7, 233.78,234.16,233.19,61738,143.97,1143,22206,35.97,51
WELENT,EQ, 16-Oct-2020,70.05,70.15,72.65,70.0, 70.50,70.1,70.3,108314,76.15,643,73136,67.52,51
KOTAKBKETF,EQ, 16-Oct-2020,232.5,234.31,238.23,233.5, 236.61,237.02,235.96,57483,135.64,666,21301,37.06,50
VADILALIND,EQ, 16-Oct-2020,775.1,778.6,782.3,772.0, 772.25,772.65,773.63,8113,62.76,366,6539,80.6,50
DECCANCE,EQ, 16-Oct-2020,271.55,274.95,276.65,270.75, 271.60,272.0,272.0,23157,62.99,510,18422,79.55,50
AUTOAXLES,EQ, 16-Oct-2020,686.25,682.1,689.0,672.0, 677.00,676.75,677.89,16121,109.28,2413,7415,46.0,50
DLINKINDIA,EQ, 16-Oct-2020,98.85,99.4,100.45,96.7, 98.25,98.1,98.21,115689,113.62,2618,50861,43.96,49
IOB,EQ, 16-Oct-2020,9.05,9.15,9.15,8.5, 9.05,9.0,8.98,971979,87.33,2292,553316,56.93,49
GABRIEL,EQ, 16-Oct-2020,96.7,96.7,98.3,95.1, 95.45,95.4,95.74,81401,77.93,3203,51556,63.34,49
MAHABANK,EQ, 16-Oct-2020,10.85,10.95,11.2,10.9, 11.15,11.15,11.07,835676,92.5,1858,449508,53.79,49
MAHESHWARI,EQ, 16-Oct-2020,116.75,115.05,120.0,112.0, 116.25,115.8,115.88,85521,99.1,1406,42637,49.86,49
CLNINDIA,EQ, 16-Oct-2020,311.1,311.9,313.7,306.0, 310.00,309.05,308.33,30017,92.55,2463,16021,53.37,49
CENTRUM,EQ, 16-Oct-2020,16.75,17.1,17.15,15.65, 16.20,16.4,16.41,362088,59.41,1086,298187,82.35,48
GEPIL,EQ, 16-Oct-2020,385.05,385.05,393.5,379.95, 382.95,382.35,384.38,18350,70.53,2004,12636,68.86,48
SAFARI,EQ, 16-Oct-2020,410.1,417.0,417.0,409.25, 410.00,410.1,410.42,19382,79.55,404,11828,61.03,48
RUSHIL,EQ, 16-Oct-2020,91.65,93.9,100.0,92.95, 96.10,96.55,97.28,126544,123.1,2539,49762,39.32,48
SATIN,EQ, 16-Oct-2020,52.3,52.55,52.55,51.7, 52.00,52.05,52.09,110095,57.35,1684,93160,84.62,48
GICRE,EQ, 16-Oct-2020,119.6,120.0,121.2,118.5, 119.00,119.1,119.66,65108,77.91,3199,40296,61.89,48
SURYAROSNI,EQ, 16-Oct-2020,198.35,200.15,201.7,195.0, 196.00,196.25,197.54,48049,94.91,1670,24624,51.25,48
SALASAR,EQ, 16-Oct-2020,202.35,198.0,204.9,198.0, 203.45,203.55,202.55,63863,129.36,1075,23246,36.4,47
ASHAPURMIN,EQ, 16-Oct-2020,75.2,75.45,78.95,74.75, 78.95,78.95,77.03,92427,71.2,850,61776,66.84,47
BORORENEW,EQ, 16-Oct-2020,76.95,77.85,79.5,74.55, 78.30,77.9,76.95,134093,103.18,1678,62335,46.49,47
TFCILTD,EQ, 16-Oct-2020,34.2,34.85,34.9,32.9, 33.20,33.0,33.41,173931,58.11,1598,141804,81.53,47
BIRLAMONEY,EQ, 16-Oct-2020,43.85,44.0,44.7,43.05, 43.50,43.45,43.7,236290,103.25,2105,108456,45.9,47
MHRIL,EQ, 16-Oct-2020,163.3,163.0,166.0,161.35, 164.10,163.75,163.98,69286,113.61,1284,29161,42.09,47
NETFMID150,EQ, 16-Oct-2020,63.64,64.93,65.0,63.6, 64.57,64.55,64.36,91855,59.11,215,72957,79.43,46
NFL,EQ, 16-Oct-2020,31.0,31.25,31.3,30.1, 30.80,30.7,30.63,330059,101.11,2209,152140,46.09,46
TIINDIA,EQ, 16-Oct-2020,574.95,576.0,586.1,571.15, 575.85,574.4,577.23,17815,102.83,1380,8061,45.25,46
TEJASNET,EQ, 16-Oct-2020,68.55,69.0,72.55,68.9, 72.40,71.85,70.74,120510,85.25,1564,65368,54.24,46
LUMAXIND,EQ, 16-Oct-2020,1276.85,1276.85,1299.8,1229.95, 1240.00,1243.8,1245.07,6244,77.74,1352,3752,60.09,46
BANARBEADS,EQ, 16-Oct-2020,62.75,62.95,70.85,61.0, 65.60,66.95,67.88,243217,165.11,3146,68263,28.07,46
ASTRAMICRO,EQ, 16-Oct-2020,109.95,110.05,112.0,108.35, 110.00,109.95,109.96,120287,132.27,2718,42507,35.34,46
BLISSGVS,EQ, 16-Oct-2020,174.85,174.75,175.7,173.3, 174.80,174.85,174.84,315796,552.13,2796,25317,8.02,44
HIL,EQ, 16-Oct-2020,1640.45,1651.05,1695.1,1651.0, 1681.00,1673.15,1674.85,5264,88.16,1101,2658,50.49,44
NEWGEN,EQ, 16-Oct-2020,215.7,216.8,226.0,215.0, 218.30,217.3,219.73,51581,113.34,2036,20158,39.08,44
EVEREADY,EQ, 16-Oct-2020,139.75,140.0,141.15,137.1, 138.90,138.2,138.46,50065,69.32,983,32107,64.13,44
DFMFOODS,EQ, 16-Oct-2020,341.3,347.4,354.0,341.85, 345.00,343.6,347.78,25044,87.1,1379,12738,50.86,44
SDBL,EQ, 16-Oct-2020,30.4,30.4,30.4,27.6, 27.90,27.9,28.42,338560,96.22,2420,156762,46.3,44
RTNINFRA,EQ, 16-Oct-2020,5.2,5.25,5.45,4.95, 5.45,5.45,5.13,1295321,66.41,735,869540,67.13,44
SUNFLAG,EQ, 16-Oct-2020,43.4,43.7,44.7,43.2, 44.30,44.5,44.13,252679,111.51,1672,97633,38.64,43
RADIOCITY,EQ, 16-Oct-2020,17.35,17.35,18.4,17.35, 17.60,17.7,17.82,394866,70.38,723,245608,62.2,43
NILKAMAL,EQ, 16-Oct-2020,1309.9,1303.0,1325.65,1303.0, 1312.80,1310.75,1312.73,6024,79.08,985,3288,54.58,43
JYOTHYLAB,EQ, 16-Oct-2020,140.1,140.55,142.2,140.1, 141.70,141.5,141.04,75526,106.53,2345,30807,40.79,43
DHFL,EQ, 16-Oct-2020,12.25,12.4,12.75,12.2, 12.70,12.6,12.44,589638,73.34,1371,349957,59.35,43
MAN50ETF,EQ, 16-Oct-2020,119.31,119.7,120.1,118.9, 119.60,119.6,119.99,36266,43.51,88,35384,97.57,42
GSCLCEMENT,EQ, 16-Oct-2020,29.15,29.85,31.5,29.3, 30.80,30.8,30.47,227715,69.38,1602,138399,60.78,42
GHCL,EQ, 16-Oct-2020,143.25,144.0,145.5,141.3, 143.95,143.75,143.75,51169,73.55,2244,29294,57.25,42
GUFICBIO,EQ, 16-Oct-2020,87.5,88.5,90.45,86.8, 87.40,87.15,88.16,92417,81.48,1641,47642,51.55,42
JPPOWER,EQ, 16-Oct-2020,2.35,2.35,2.4,2.25, 2.35,2.3,2.33,3518953,81.96,6432,1817909,51.66,42
AJMERA,EQ, 16-Oct-2020,93.65,91.0,92.5,88.25, 88.85,89.15,89.91,146612,131.82,3095,46439,31.67,41
CHALET,EQ, 16-Oct-2020,134.05,135.3,136.8,133.1, 136.00,135.85,134.49,54400,73.16,2043,30662,56.36,41
ICICINIFTY,EQ, 16-Oct-2020,124.14,140.0,140.0,123.7, 124.37,124.65,124.55,57536,71.66,2879,33333,57.93,41
IGPL,EQ, 16-Oct-2020,298.6,299.0,310.0,292.3, 295.55,296.05,301.57,27489,82.9,1433,13827,50.3,41
ORIENTREF,EQ, 16-Oct-2020,190.7,189.0,197.0,186.05, 190.00,187.95,188.3,35029,65.96,1435,22200,63.38,41
ICICIB22,EQ, 16-Oct-2020,23.74,23.76,24.12,23.74, 23.99,24.01,23.92,255468,61.1,4370,174861,68.45,41
MAHINDCIE,EQ, 16-Oct-2020,129.4,131.0,135.0,130.65, 135.00,134.0,132.89,79738,105.96,2585,30786,38.61,40
PFS,EQ, 16-Oct-2020,18.05,18.05,18.2,17.75, 17.85,17.85,17.96,481139,86.39,1511,225648,46.9,40
INDIAGLYCO,EQ, 16-Oct-2020,270.3,272.25,274.75,271.0, 273.00,272.9,272.66,46153,125.84,1882,14952,32.4,40
SMSLIFE,EQ, 16-Oct-2020,610.65,608.2,658.0,606.7, 658.00,647.65,637.04,8411,53.58,682,6337,75.34,40
FEL,EQ, 16-Oct-2020,9.6,9.55,9.7,9.25, 9.50,9.5,9.42,920218,86.68,1833,425385,46.23,40
APTECHT,EQ, 16-Oct-2020,116.05,116.6,118.95,115.35, 117.00,117.05,117.01,114782,134.31,2421,34449,30.01,40
UNICHEMLAB,EQ, 16-Oct-2020,242.15,242.05,247.0,242.0, 246.00,245.65,245.19,28311,69.41,1178,16099,56.86,39
UCOBANK,EQ, 16-Oct-2020,11.45,11.4,11.65,11.3, 11.45,11.4,11.4,909177,103.67,1720,339918,37.39,38
GATI,EQ, 16-Oct-2020,51.75,52.2,53.75,51.2, 52.35,52.0,51.77,179505,92.93,1598,73558,40.98,38
HINDOILEXP,EQ, 16-Oct-2020,67.6,68.4,69.0,67.15, 68.00,67.9,68.08,94473,64.31,1043,56555,59.86,38
SWARAJENG,EQ, 16-Oct-2020,1427.5,1427.5,1454.05,1425.05, 1427.00,1435.4,1440.55,4842,69.75,1127,2652,54.77,38
SUPPETRO,EQ, 16-Oct-2020,241.3,245.55,249.9,241.0, 249.00,248.45,245.78,22449,55.17,955,15580,69.4,38
ASALCBR,EQ, 16-Oct-2020,243.75,247.9,249.9,238.0, 246.90,244.75,245.06,25635,62.82,717,15144,59.08,37
BODALCHEM,EQ, 16-Oct-2020,62.85,63.25,63.9,62.0, 62.65,62.75,63.11,116752,73.68,1272,58806,50.37,37
KIRLOSENG,EQ, 16-Oct-2020,103.95,104.05,104.95,100.2, 102.50,102.3,102.22,56124,57.37,999,36657,65.31,37
SNOWMAN,EQ, 16-Oct-2020,35.65,36.0,36.25,35.1, 35.30,35.35,35.5,206443,73.29,1447,106236,51.46,37
IIFLWAM,EQ, 16-Oct-2020,920.85,925.45,954.0,902.45, 935.00,936.95,926.67,9151,84.8,1793,4052,44.28,37
UTINIFTETF,EQ, 16-Oct-2020,1247.0,1250.0,1257.2,1245.2, 1256.35,1256.35,1248.69,2942,36.74,21,2901,98.61,36
HERITGFOOD,EQ, 16-Oct-2020,292.95,296.9,304.0,294.6, 302.85,301.2,298.29,24037,71.7,1645,12271,51.05,36
SJVN,EQ, 16-Oct-2020,21.2,21.25,21.5,21.15, 21.45,21.4,21.37,323872,69.21,1040,168761,52.11,36
TI,EQ, 16-Oct-2020,17.65,17.65,18.8,16.8, 18.40,18.4,18.2,309236,56.29,567,194458,62.88,35
HINDCOPPER,EQ, 16-Oct-2020,31.6,31.75,32.35,31.6, 32.05,32.05,31.95,301062,96.19,1462,111078,36.9,35
TEXRAIL,EQ, 16-Oct-2020,24.1,24.2,24.7,23.85, 24.55,24.4,24.3,273628,66.48,1028,148011,54.09,35
HNDFDS,EQ, 16-Oct-2020,905.9,905.9,929.9,891.0, 895.00,895.6,908.11,6092,55.32,740,3748,61.52,34
RTNPOWER,EQ, 16-Oct-2020,1.9,1.9,1.95,1.85, 1.95,1.9,1.9,3984798,75.74,630,1834670,46.04,34
KOKUYOCMLN,EQ, 16-Oct-2020,63.25,63.9,63.9,62.0, 62.60,62.4,62.67,119449,74.86,1574,55133,46.16,34
CERA,EQ, 16-Oct-2020,2503.2,2479.0,2527.45,2479.0, 2515.00,2514.95,2512.45,1850,46.48,503,1317,71.19,33
MTNL,EQ, 16-Oct-2020,9.05,9.2,9.25,8.75, 8.90,8.8,8.95,942039,84.27,9279,375997,39.91,33
BFINVEST,EQ, 16-Oct-2020,278.5,276.05,284.3,259.2, 271.40,270.85,272.47,35694,97.26,1789,12440,34.85,33
SHOPERSTOP,EQ, 16-Oct-2020,172.3,176.9,176.9,170.15, 172.10,173.55,173.15,44704,77.4,1878,19499,43.62,33
GDL,EQ, 16-Oct-2020,91.1,93.0,93.0,90.3, 90.80,90.7,91.26,59136,53.97,961,36775,62.19,33
INDRAMEDCO,EQ, 16-Oct-2020,50.2,51.0,51.15,49.6, 50.15,49.9,50.29,155685,78.29,1447,64243,41.26,32
SSWL,EQ, 16-Oct-2020,457.15,457.0,466.1,453.75, 458.50,461.6,460.11,15001,69.02,976,7171,47.8,32
VMART,EQ, 16-Oct-2020,1892.85,1902.25,1945.0,1893.85, 1944.95,1935.95,1925.89,7343,141.42,2572,1686,22.96,32
3IINFOTECH,EQ, 16-Oct-2020,3.2,3.2,3.25,3.1, 3.15,3.15,3.13,1732904,54.31,1911,1026716,59.25,32
ACCELYA,EQ, 16-Oct-2020,997.3,1002.25,1030.0,1002.25, 1025.00,1023.9,1020.07,7942,81.01,656,3157,39.75,32
MRPL,EQ, 16-Oct-2020,25.35,25.45,25.7,25.3, 25.70,25.6,25.52,220824,56.35,1006,126403,57.24,32
HGINFRA,EQ, 16-Oct-2020,177.75,178.65,182.45,175.2, 178.00,176.45,177.88,27211,48.4,1000,18137,66.65,32
ATFL,EQ, 16-Oct-2020,701.9,714.6,714.6,700.0, 703.15,700.25,705.17,7890,55.64,783,4471,56.67,31
SRIPIPES,EQ, 16-Oct-2020,112.0,113.1,114.75,111.15, 112.35,112.55,112.85,58302,65.79,1406,28148,48.28,31
TIPSINDLTD,EQ, 16-Oct-2020,266.35,266.4,275.7,263.2, 272.00,273.25,269.74,32510,87.69,1492,11496,35.36,31
BLS,EQ, 16-Oct-2020,75.15,75.0,75.7,72.1, 74.00,74.0,74.48,51837,38.61,507,41832,80.7,31
VRLLOG,EQ, 16-Oct-2020,153.65,153.7,157.4,152.25, 156.90,156.35,154.63,41419,64.05,1730,20449,49.37,31
POKARNA,EQ, 16-Oct-2020,132.3,132.95,144.4,131.95, 136.20,137.25,137.85,35268,48.62,658,23177,65.72,31
JBMA,EQ, 16-Oct-2020,233.75,237.0,242.95,230.2, 239.30,236.05,234.25,36711,86.0,1328,13220,36.01,30
SFL,EQ, 16-Oct-2020,1295.15,1295.0,1309.85,1278.0, 1294.00,1287.35,1294.9,4143,53.65,801,2343,56.55,30
PANACHE,EQ, 16-Oct-2020,46.75,48.8,48.8,44.65, 44.65,44.75,46.03,72008,33.14,38,66598,92.49,30
TCI,EQ, 16-Oct-2020,237.0,237.7,237.7,232.05, 236.00,233.95,234.21,24673,57.79,982,12873,52.17,30
RAMKY,EQ, 16-Oct-2020,29.25,29.4,30.2,28.4, 29.10,28.85,28.91,114227,33.02,293,106861,93.55,30
GNA,EQ, 16-Oct-2020,241.65,242.9,247.4,236.5, 237.50,238.8,240.53,33506,80.59,1746,12072,36.03,29
INDIANHUME,EQ, 16-Oct-2020,159.9,160.5,161.25,155.75, 157.25,156.65,157.68,31989,50.44,1146,18982,59.34,29
VOLTAMP,EQ, 16-Oct-2020,998.7,1003.65,1020.0,988.9, 991.90,991.6,994.73,4864,48.38,612,2947,60.59,29
GIPCL,EQ, 16-Oct-2020,66.15,67.4,67.4,65.05, 65.10,65.2,65.59,65756,43.13,764,45198,68.74,29
MONTECARLO,EQ, 16-Oct-2020,179.35,180.95,185.85,179.8, 181.75,180.95,181.64,28518,51.8,922,16130,56.56,29
MOLDTKPAC,EQ, 16-Oct-2020,271.1,272.0,274.9,266.55, 271.05,271.3,270.96,23155,62.74,1155,10805,46.66,29
PSPPROJECT,EQ, 16-Oct-2020,398.15,395.0,400.15,393.95, 396.95,396.55,396.91,12786,50.75,1259,7495,58.62,29
ICEMAKE,EQ, 16-Oct-2020,66.8,69.95,70.1,64.55, 69.30,69.75,69.1,55700,38.49,313,41020,73.64,28
GULFOILLUB,EQ, 16-Oct-2020,629.1,632.25,640.0,627.2, 639.30,636.7,633.24,6655,42.14,2291,4455,66.94,28
WSTCSTPAPR,EQ, 16-Oct-2020,159.5,159.1,162.5,158.5, 160.65,160.75,160.34,39380,63.14,1269,17845,45.31,28
LIBERTSHOE,EQ, 16-Oct-2020,140.75,140.85,142.4,140.05, 140.70,140.8,140.96,48556,68.44,1130,20211,41.62,28
KOTAKNIFTY,EQ, 16-Oct-2020,121.75,122.59,122.9,121.65, 122.57,122.55,122.13,32916,40.2,348,23682,71.95,28
RICOAUTO,EQ, 16-Oct-2020,27.2,27.4,28.1,27.15, 28.10,27.85,27.53,166496,45.84,1008,103504,62.17,28
KITEX,EQ, 16-Oct-2020,101.1,102.9,102.9,100.95, 101.90,101.65,101.83,46886,47.74,717,26563,56.65,27
BCG,EQ, 16-Oct-2020,5.55,5.65,5.65,5.3, 5.30,5.3,5.37,945761,50.76,785,505008,53.4,27
GREENPLY,EQ, 16-Oct-2020,80.2,80.4,82.4,80.3, 82.00,81.6,80.92,54758,44.31,1911,34114,62.3,27
GOODYEAR,EQ, 16-Oct-2020,793.65,789.5,804.75,759.0, 790.00,792.05,781.92,4677,36.57,331,3459,73.96,27
GRSE,EQ, 16-Oct-2020,198.25,199.0,201.25,197.0, 197.90,197.65,198.0,41355,81.88,1680,14066,34.01,27
KOLTEPATIL,EQ, 16-Oct-2020,167.3,172.0,172.0,167.0, 168.50,169.45,168.75,33151,55.94,1202,16125,48.64,27
SIMPLEXINF,EQ, 16-Oct-2020,31.15,32.4,33.4,31.35, 32.40,32.3,32.56,167090,54.4,1011,83810,50.16,27
VIKASPROP,EQ, 16-Oct-2020,2.6,2.65,2.65,2.5, 2.55,2.55,2.53,1491227,37.75,1206,1084637,72.73,27
MATRIMONY,EQ, 16-Oct-2020,653.3,669.95,679.0,641.3, 659.00,656.0,662.98,8626,57.19,1358,4071,47.19,26
WATERBASE,EQ, 16-Oct-2020,100.5,101.3,102.9,100.5, 101.50,101.3,101.39,88175,89.4,1840,25654,29.09,26
NBVENTURES,EQ, 16-Oct-2020,52.95,53.1,54.4,52.3, 53.50,53.25,53.12,100839,53.57,1788,49261,48.85,26
CUPID,EQ, 16-Oct-2020,210.1,210.5,213.35,208.5, 209.25,209.5,209.89,26435,55.48,1116,12542,47.44,26
UJAAS,EQ, 16-Oct-2020,3.75,3.75,3.8,3.6, 3.75,3.75,3.72,1016060,37.82,420,720187,70.88,26
BAJAJHIND,EQ, 16-Oct-2020,4.75,4.8,4.85,4.65, 4.75,4.75,4.77,1116085,53.23,1002,549277,49.21,26
RELCAPITAL,EQ, 16-Oct-2020,7.55,7.65,7.65,7.1, 7.40,7.4,7.39,650660,48.1,1322,361381,55.54,26
GMBREW,EQ, 16-Oct-2020,378.4,377.05,383.1,375.05, 377.00,376.5,378.05,12821,48.47,776,6657,51.92,25
BALAJITELE,EQ, 16-Oct-2020,64.15,64.0,64.95,62.2, 63.45,63.4,63.72,145246,92.55,1881,40507,27.89,25
MOTILALOFS,EQ, 16-Oct-2020,581.75,584.65,599.0,579.05, 591.00,592.8,586.98,10053,59.01,1096,4350,43.27,25
ACE,EQ, 16-Oct-2020,68.85,68.1,69.95,68.0, 68.50,68.5,68.74,116239,79.9,1915,36473,31.38,25
PRABHAT,EQ, 16-Oct-2020,47.65,47.7,48.4,47.2, 47.40,47.55,47.79,72589,34.69,242,52840,72.79,25
MANGALAM,EQ, 16-Oct-2020,142.7,147.4,147.4,140.4, 145.95,142.9,143.01,40313,57.65,1027,17533,43.49,25
GREENPANEL,EQ, 16-Oct-2020,62.1,62.0,63.65,59.1, 61.80,61.65,61.57,69082,42.54,474,40648,58.84,25
CREATIVE,EQ, 16-Oct-2020,123.0,114.65,125.5,114.45, 125.50,123.9,120.36,33868,40.76,107,21087,62.26,25
SAGARDEEP,EQ, 16-Oct-2020,63.35,62.35,62.95,60.2, 60.20,60.2,60.64,51959,31.51,309,41847,80.54,25
NIACL,EQ, 16-Oct-2020,101.1,101.1,102.7,100.55, 101.85,101.65,101.65,56356,57.28,1638,25006,44.37,25
NELCO,EQ, 16-Oct-2020,178.35,179.0,181.3,177.0, 177.75,178.2,179.18,26388,47.28,1110,14505,54.97,25
GREENLAM,EQ, 16-Oct-2020,750.75,758.95,768.0,745.05, 760.00,757.1,759.11,4111,31.21,683,3186,77.5,24
URJA,EQ, 16-Oct-2020,3.2,3.2,3.25,3.05, 3.15,3.15,3.13,1687167,52.78,2579,767680,45.5,24
RNAVAL,EQ, 16-Oct-2020,2.2,2.15,2.2,2.1, 2.10,2.1,2.11,2042676,43.08,728,1182494,57.89,24
RATNAMANI,EQ, 16-Oct-2020,1262.9,1279.95,1285.5,1250.0, 1274.90,1267.5,1263.03,3651,46.11,637,1973,54.04,24
MANINFRA,EQ, 16-Oct-2020,25.15,25.7,26.05,25.05, 25.65,25.75,25.49,197089,50.23,828,94511,47.95,24
DYNAMATECH,EQ, 16-Oct-2020,687.85,688.0,710.0,672.25, 677.00,678.75,682.21,6157,42.0,883,3457,56.15,23
PNBGILTS,EQ, 16-Oct-2020,38.7,38.9,39.15,38.15, 38.30,38.3,38.53,158853,61.21,1063,60063,37.81,23
INEOSSTYRO,EQ, 16-Oct-2020,511.85,512.45,515.5,507.25, 515.50,510.15,510.03,5839,29.78,332,4662,79.84,23
MMTC,EQ, 16-Oct-2020,15.85,16.25,16.75,16.15, 16.20,16.3,16.35,436453,71.34,1551,142926,32.75,23
SHANKARA,EQ, 16-Oct-2020,327.6,330.9,337.0,327.95, 328.90,328.95,331.07,16506,54.65,1185,7221,43.75,23
BSL,EQ, 16-Oct-2020,30.2,31.85,33.8,28.25, 29.10,29.95,31.05,233415,72.48,2467,76807,32.91,23
PRIMESECU,EQ, 16-Oct-2020,47.8,47.45,47.75,45.3, 45.35,45.85,46.14,62725,28.94,605,51199,81.62,23
SUBROS,EQ, 16-Oct-2020,235.85,238.0,243.65,237.95, 240.90,240.3,240.53,17494,42.08,880,9693,55.41,23
ELGIEQUIP,EQ, 16-Oct-2020,107.5,107.1,112.0,106.35, 111.45,110.15,108.75,36251,39.42,1884,21838,60.24,23
DOLAT,EQ, 16-Oct-2020,47.65,49.9,49.9,45.5, 46.25,46.65,46.86,91132,42.71,1417,51035,56.0,23
SPTL,EQ, 16-Oct-2020,2.1,2.2,2.2,2.15, 2.20,2.2,2.2,1552513,34.14,377,1054460,67.92,23
FIEMIND,EQ, 16-Oct-2020,509.6,511.0,527.75,509.0, 517.60,516.2,516.27,11456,59.14,1247,4486,39.16,23
KINGFA,EQ, 16-Oct-2020,492.5,487.0,502.75,486.7, 501.35,500.8,496.43,6319,31.37,377,4824,76.34,23
IFCI,EQ, 16-Oct-2020,5.7,5.75,5.8,5.65, 5.75,5.7,5.71,723626,41.33,36912,408153,56.4,23
MUNJALAU,EQ, 16-Oct-2020,53.45,54.0,54.65,53.15, 54.15,54.1,53.95,104756,56.51,1147,42734,40.79,23
ONMOBILE,EQ, 16-Oct-2020,41.85,43.0,43.0,41.1, 41.60,41.3,41.5,85491,35.48,621,53942,63.1,22
NEOGEN,EQ, 16-Oct-2020,630.85,630.85,648.5,630.0, 638.90,635.5,633.49,5925,37.53,780,3540,59.75,22
NELCAST,EQ, 16-Oct-2020,53.65,53.1,56.6,53.1, 56.60,55.9,55.25,63233,34.93,553,41450,65.55,22
RSYSTEMS,EQ, 16-Oct-2020,113.3,116.0,116.0,113.0, 113.50,113.6,113.84,35965,40.94,776,20097,55.88,22
ANDHRSUGAR,EQ, 16-Oct-2020,284.3,285.0,289.5,282.85, 283.00,284.65,284.85,18181,51.79,916,7876,43.32,22
PCJEWELLER,EQ, 16-Oct-2020,13.35,13.25,13.6,13.0, 13.25,13.25,13.25,255221,33.81,1110,170607,66.85,22
GOKEX,EQ, 16-Oct-2020,71.3,72.0,72.85,70.35, 71.50,71.8,71.63,51990,37.24,786,31217,60.04,22
SMLISUZU,EQ, 16-Oct-2020,380.85,380.85,385.0,374.6, 376.05,377.7,378.69,9605,36.37,664,5930,61.74,22
ALBERTDAVD,EQ, 16-Oct-2020,395.6,395.2,410.0,395.2, 404.00,404.55,403.99,12178,49.2,656,5461,44.84,22
SHRENIK,EQ, 16-Oct-2020,9.05,9.1,9.45,9.1, 9.20,9.3,9.25,325098,30.06,646,245187,75.42,22
TAJGVK,EQ, 16-Oct-2020,126.25,128.9,128.9,125.15, 126.80,126.2,126.75,33762,42.79,912,17142,50.77,21
APARINDS,EQ, 16-Oct-2020,286.15,287.55,291.55,281.6, 283.60,284.1,284.52,11666,33.19,780,7393,63.37,21
SADBHIN,EQ, 16-Oct-2020,16.25,16.5,16.5,15.75, 15.95,15.95,16.01,210888,33.76,528,136740,64.84,21
INDNIPPON,EQ, 16-Oct-2020,327.95,328.8,337.8,327.2, 333.30,332.8,332.19,8664,28.78,429,6394,73.8,21
RKFORGE,EQ, 16-Oct-2020,329.1,336.0,344.1,332.95, 339.00,340.6,336.85,16857,56.78,571,6363,37.75,21
VAISHALI,EQ, 16-Oct-2020,38.3,39.5,39.5,36.5, 37.20,37.4,37.61,62901,23.65,190,57025,90.66,21
TWL,EQ, 16-Oct-2020,42.3,42.05,43.15,41.5, 42.00,42.0,42.22,92858,39.2,1005,51491,55.45,21
KSL,EQ, 16-Oct-2020,213.75,214.05,222.4,213.5, 219.50,219.45,218.46,29127,63.63,1373,9853,33.83,21
ICRA,EQ, 16-Oct-2020,2726.1,2720.1,2755.2,2690.0, 2710.00,2709.05,2710.74,1066,28.9,392,811,76.08,21
OLECTRA,EQ, 16-Oct-2020,61.15,61.55,61.6,59.5, 59.90,59.95,60.17,95595,57.52,1046,34667,36.26,20
UFO,EQ, 16-Oct-2020,75.4,75.7,75.9,74.3, 74.35,74.45,74.64,48591,36.27,810,26798,55.15,20
SHARIABEES,EQ, 16-Oct-2020,312.85,310.0,321.95,310.0, 313.00,313.0,313.49,7593,23.8,42,6516,85.82,20
MAXIND,EQ, 16-Oct-2020,56.3,56.45,57.1,56.45, 56.75,56.75,56.68,47878,27.14,337,36336,75.89,20
RAMCOIND,EQ, 16-Oct-2020,179.4,179.1,182.1,177.2, 177.20,177.75,178.78,19405,34.69,670,11259,58.02,20
NIRAJ,EQ, 16-Oct-2020,49.1,46.65,51.5,46.65, 46.65,48.0,48.82,45050,21.99,157,41519,92.16,20
20MICRONS,EQ, 16-Oct-2020,27.6,28.75,30.0,28.0, 28.20,28.1,28.98,197828,57.33,1305,70229,35.5,20
MAHSEAMLES,EQ, 16-Oct-2020,215.3,214.55,219.8,214.0, 219.40,218.85,217.19,16325,35.46,863,9223,56.5,20
GLOBE,EQ, 16-Oct-2020,56.8,57.0,58.0,57.0, 57.00,57.1,57.22,86803,49.66,199,33364,38.44,19
DREDGECORP,EQ, 16-Oct-2020,244.65,250.0,251.65,245.2, 247.25,247.75,248.32,58953,146.39,2645,7942,13.47,19
JTEKTINDIA,EQ, 16-Oct-2020,73.9,73.0,76.95,73.0, 76.95,76.3,75.18,59778,44.94,1565,26329,44.04,19
AVTNPL,EQ, 16-Oct-2020,43.2,43.15,44.45,42.7, 43.00,43.35,43.43,84115,36.53,554,45438,54.02,19
SPAL,EQ, 16-Oct-2020,121.15,124.85,141.0,120.5, 141.00,131.35,127.32,23147,29.47,459,15269,65.97,19
DALMIASUG,EQ, 16-Oct-2020,125.9,126.35,130.3,125.65, 128.95,128.65,128.2,46051,59.04,758,15595,33.86,19
STEELXIND,EQ, 16-Oct-2020,33.45,32.45,36.75,31.95, 35.55,35.4,35.3,131762,46.52,759,56202,42.65,19
TALBROAUTO,EQ, 16-Oct-2020,106.6,106.65,114.7,106.5, 113.60,112.15,110.93,53818,59.7,984,17742,32.97,19
TASTYBITE,EQ, 16-Oct-2020,10398.3,10500.0,10799.0,10350.0, 10520.00,10505.05,10542.99,561,59.15,414,183,32.62,19
UVSL,EQ, 16-Oct-2020,0.45,0.4,0.45,0.4, 0.45,0.45,0.44,8820273,38.51,1204,4415702,50.06,19
ASAHISONG,EQ, 16-Oct-2020,210.9,212.05,215.0,211.0, 212.55,213.4,213.19,17080,36.41,333,9347,54.72,19
GRAVITA,EQ, 16-Oct-2020,45.1,46.7,46.7,44.35, 45.25,44.75,45.08,65233,29.41,506,43235,66.28,19
GVKPIL,EQ, 16-Oct-2020,2.95,2.9,3.0,2.9, 3.00,2.95,2.93,1408635,41.34,739,682464,48.45,19
STARCEMENT,EQ, 16-Oct-2020,82.15,82.8,83.55,82.5, 83.15,83.0,82.97,34332,28.49,875,22600,65.83,18
JAYBARMARU,EQ, 16-Oct-2020,209.65,210.0,215.85,208.1, 212.00,211.2,211.04,26880,56.73,2054,8882,33.04,18
VISAKAIND,EQ, 16-Oct-2020,334.9,339.85,341.55,330.35, 336.20,336.75,336.08,12088,40.63,1028,5612,46.43,18
PRIVISCL,EQ, 16-Oct-2020,535.15,545.1,545.1,526.2, 531.40,530.3,533.33,4865,25.95,379,3469,71.31,18
ASAHIINDIA,EQ, 16-Oct-2020,218.15,217.05,228.0,216.25, 225.50,224.5,222.05,24221,53.78,1599,8381,34.6,18
MUTHOOTCAP,EQ, 16-Oct-2020,370.55,379.35,379.8,365.45, 373.00,373.9,371.21,6920,25.69,427,4900,70.81,18
SOMANYCERA,EQ, 16-Oct-2020,193.2,195.8,198.9,193.95, 194.35,195.25,195.94,22834,44.74,885,9684,42.41,18
SIYSIL,EQ, 16-Oct-2020,140.3,141.85,144.05,139.0, 142.55,141.35,140.79,24290,34.2,855,13288,54.71,18
INOXWIND,EQ, 16-Oct-2020,39.1,39.3,40.8,39.15, 40.10,40.25,39.98,146181,58.45,1526,45039,30.81,18
LUMAXTECH,EQ, 16-Oct-2020,99.05,96.4,100.15,96.4, 99.20,99.95,99.15,22559,22.37,262,18156,80.48,18
AMBIKCO,EQ, 16-Oct-2020,708.1,708.15,713.9,703.05, 711.50,712.3,710.13,3329,23.64,750,2605,78.25,18
GENUSPOWER,EQ, 16-Oct-2020,28.3,28.15,28.7,28.0, 28.55,28.45,28.24,97638,27.57,357,66136,67.74,18
TNPL,EQ, 16-Oct-2020,101.9,101.4,104.3,101.4, 103.00,103.1,103.09,48620,50.12,1138,18179,37.39,18
DCW,EQ, 16-Oct-2020,13.95,13.7,14.05,13.7, 13.90,13.95,13.89,183425,25.48,358,135188,73.7,18
MIRZAINT,EQ, 16-Oct-2020,47.45,46.85,48.1,46.85, 47.50,47.35,47.41,93777,44.46,1064,39268,41.87,18
OAL,EQ, 16-Oct-2020,356.4,365.0,367.2,355.0, 362.00,360.5,359.27,10377,37.28,604,5063,48.79,18
SHALPAINTS,EQ, 16-Oct-2020,66.05,66.3,67.3,64.55, 64.65,65.05,65.45,37822,24.76,681,28271,74.75,18
USHAMART,EQ, 16-Oct-2020,21.65,21.25,22.2,21.25, 21.40,21.45,21.63,386069,83.51,1787,81869,21.21,17
SIRCA,EQ, 16-Oct-2020,255.5,257.95,258.0,247.5, 249.00,249.4,250.93,9101,22.84,578,6999,76.9,17
JAGRAN,EQ, 16-Oct-2020,36.3,36.5,37.5,36.1, 36.20,36.25,36.4,90121,32.81,1076,49051,54.43,17
SHIL,EQ, 16-Oct-2020,76.65,78.95,78.95,76.05, 76.10,76.7,77.29,34218,26.45,440,22399,65.46,17
AXISGOLD,EQ, 16-Oct-2020,43.85,44.0,44.35,44.0, 44.20,44.05,44.09,61571,27.15,360,38986,63.32,17
HCG,EQ, 16-Oct-2020,121.25,124.35,126.5,119.5, 123.10,121.85,124.54,21445,26.71,351,14331,66.83,17
BBL,EQ, 16-Oct-2020,663.4,665.55,674.55,652.3, 659.90,658.5,662.55,4203,27.85,480,2707,64.41,17
HONDAPOWER,EQ, 16-Oct-2020,993.8,998.7,998.75,981.0, 987.00,984.7,988.99,2632,26.03,416,1754,66.64,17
LGBBROSLTD,EQ, 16-Oct-2020,232.55,236.85,239.0,231.0, 239.00,236.85,234.96,11136,26.17,522,7485,67.21,17
MUKANDLTD,EQ, 16-Oct-2020,47.8,48.75,49.0,47.8, 49.00,48.3,48.21,43315,20.88,307,35881,82.84,17
GEOJITFSL,EQ, 16-Oct-2020,36.1,36.85,36.95,35.65, 36.00,36.2,36.11,113295,40.91,681,47123,41.59,17
TECHNOE,EQ, 16-Oct-2020,188.3,190.05,194.9,186.15, 194.90,193.2,190.94,11422,21.81,457,8933,78.21,17
PPL,EQ, 16-Oct-2020,66.7,66.25,68.65,66.0, 66.65,67.25,66.79,49613,33.13,478,26673,53.76,17
IBULISL,EQ, 16-Oct-2020,44.65,44.0,45.75,44.0, 45.00,44.9,44.85,74561,33.44,694,37977,50.93,17
VINDHYATEL,EQ, 16-Oct-2020,736.4,745.05,752.9,731.0, 739.15,737.2,739.12,3296,24.36,417,2301,69.81,17
PITTIENG,EQ, 16-Oct-2020,31.1,31.45,32.95,31.0, 32.95,32.3,32.0,248323,79.47,1524,51362,20.68,16
ITDC,EQ, 16-Oct-2020,224.5,226.5,232.4,226.5, 228.50,228.75,229.36,33015,75.72,1322,7363,22.3,16
CAPACITE,EQ, 16-Oct-2020,129.1,130.0,132.25,127.85, 131.40,130.2,129.7,22592,29.3,670,12848,56.87,16
ZUARI,EQ, 16-Oct-2020,76.45,77.45,79.85,76.4, 79.85,78.85,78.2,26782,20.94,603,20999,78.41,16
WHEELS,EQ, 16-Oct-2020,388.45,391.0,392.1,382.0, 384.80,383.15,385.78,6241,24.08,548,4344,69.6,16
PRECAM,EQ, 16-Oct-2020,32.5,33.0,33.65,32.0, 32.90,32.7,32.65,80287,26.22,622,51105,63.65,16
KIRLFER,EQ, 16-Oct-2020,90.85,90.8,91.0,89.15, 90.40,90.2,89.96,31872,28.67,628,17838,55.97,16
GOLDSHARE,EQ, 16-Oct-2020,4556.85,4566.15,4619.8,4566.15, 4590.10,4606.6,4596.36,625,28.73,206,364,58.24,16
ASPINWALL,EQ, 16-Oct-2020,119.85,118.45,132.9,117.95, 121.50,125.05,120.74,14560,17.58,106,14029,96.35,16
ANUP,EQ, 16-Oct-2020,590.05,609.8,609.8,589.0, 598.95,602.5,597.37,5429,32.43,796,2832,52.16,16
VISHWARAJ,EQ, 16-Oct-2020,108.75,106.0,110.95,106.0, 110.95,109.65,109.52,26772,29.32,206,15250,56.96,16
AHLUCONT,EQ, 16-Oct-2020,223.3,226.0,226.05,219.5, 222.90,222.65,222.04,11774,26.14,628,7524,63.9,16
TRIGYN,EQ, 16-Oct-2020,53.85,54.0,56.0,52.7, 52.90,53.1,53.66,44140,23.68,499,30626,69.38,16
TCNSBRANDS,EQ, 16-Oct-2020,377.6,376.25,383.5,376.25, 383.30,382.15,379.62,5782,21.95,1016,4465,77.22,16
ANDHRAPAP,EQ, 16-Oct-2020,185.15,186.6,187.5,181.05, 184.00,183.0,183.48,16552,30.37,721,9243,55.84,16
IDBIGOLD,EQ, 16-Oct-2020,4637.75,4633.75,4634.05,4606.6, 4610.00,4609.85,4615.45,405,18.69,75,366,90.37,16
NATHBIOGEN,EQ, 16-Oct-2020,306.45,308.75,317.8,308.0, 313.00,314.2,312.86,12058,37.72,630,5193,43.07,16
INDSWFTLAB,EQ, 16-Oct-2020,53.9,52.95,52.95,51.25, 51.25,51.25,51.54,45065,23.23,234,32588,72.31,16
CTE,EQ, 16-Oct-2020,31.45,32.8,34.55,32.8, 34.55,34.55,34.13,60334,20.59,226,48734,80.77,16
BANCOINDIA,EQ, 16-Oct-2020,88.4,89.3,90.4,88.1, 90.40,89.9,89.33,36293,32.42,571,17825,49.11,15
PANAMAPET,EQ, 16-Oct-2020,51.9,52.2,53.1,50.2, 50.40,50.55,51.28,42083,21.58,578,30498,72.47,15
FCL,EQ, 16-Oct-2020,30.55,31.3,31.35,30.15, 30.45,30.35,30.38,80963,24.6,470,51062,63.07,15
TVTODAY,EQ, 16-Oct-2020,197.05,198.0,199.9,196.0, 199.00,198.3,197.45,13403,26.46,748,8023,59.86,15
CAREERP,EQ, 16-Oct-2020,173.8,177.0,177.0,171.95, 173.60,173.8,174.06,21223,36.94,671,9187,43.29,15
ALKALI,EQ, 16-Oct-2020,45.6,46.15,50.05,45.7, 49.15,49.4,48.53,40541,19.67,586,32027,79.0,15
THEMISMED,EQ, 16-Oct-2020,370.3,370.45,374.0,362.5, 367.50,367.6,368.96,6217,22.94,374,4236,68.14,15
THANGAMAYL,EQ, 16-Oct-2020,372.7,386.0,386.0,375.0, 378.00,378.35,378.99,8028,30.43,518,4127,51.41,15
JKIL,EQ, 16-Oct-2020,106.5,107.75,109.85,105.15, 108.00,107.95,107.26,30399,32.61,903,14231,46.81,15
INDOSTAR,EQ, 16-Oct-2020,285.85,290.35,294.9,280.05, 290.10,289.7,287.12,18580,53.35,1170,5303,28.54,15
PPAP,EQ, 16-Oct-2020,220.1,220.1,223.95,218.0, 220.00,220.85,220.27,11542,25.42,288,6978,60.46,15
SARLAPOLY,EQ, 16-Oct-2020,17.6,17.85,18.45,17.4, 17.75,17.6,17.98,129149,23.22,525,83560,64.7,15
APOLLO,EQ, 16-Oct-2020,108.65,109.0,110.95,108.25, 108.90,108.75,109.14,27704,30.23,789,14553,52.53,15
SOUTHWEST,EQ, 16-Oct-2020,30.5,31.15,33.55,30.3, 33.55,33.15,32.0,59324,18.99,283,47686,80.38,15
EVERESTIND,EQ, 16-Oct-2020,205.5,207.9,208.85,205.25, 207.00,206.5,206.76,15252,31.54,624,7417,48.63,15
OPTOCIRCUI,EQ, 16-Oct-2020,4.2,4.2,4.4,4.15, 4.40,4.4,4.28,507932,21.76,520,355623,70.01,15
MANINDS,EQ, 16-Oct-2020,58.3,58.9,60.75,58.1, 59.20,59.2,59.14,63297,37.44,1067,26959,42.59,15
DATAMATICS,EQ, 16-Oct-2020,71.45,72.95,72.95,71.45, 72.60,72.45,72.24,39746,28.71,501,20921,52.64,15
MOLDTECH,EQ, 16-Oct-2020,39.4,40.5,40.5,38.9, 39.40,39.1,39.22,47238,18.53,1101,38513,81.53,15
MIRCELECTR,EQ, 16-Oct-2020,7.65,7.85,8.0,7.6, 7.80,7.9,7.87,268863,21.15,414,187466,69.73,14
ICICIGOLD,EQ, 16-Oct-2020,45.03,47.7,47.7,44.71, 45.17,45.29,45.38,53028,24.07,758,31901,60.16,14
VINYLINDIA,EQ, 16-Oct-2020,99.45,98.0,100.9,98.0, 100.20,99.55,99.42,33811,33.62,724,14930,44.16,14
DSSL,EQ, 16-Oct-2020,41.2,42.0,45.25,42.0, 44.20,43.8,43.92,102522,45.03,1159,33341,32.52,14
PUNJABCHEM,EQ, 16-Oct-2020,627.9,625.4,635.05,617.5, 630.00,630.5,629.42,4881,30.72,394,2289,46.9,14
PILANIINVS,EQ, 16-Oct-2020,1608.55,1639.95,1640.0,1599.95, 1610.00,1614.9,1623.13,923,14.98,106,869,94.15,14
IMFA,EQ, 16-Oct-2020,218.75,220.95,224.75,215.1, 221.50,222.85,218.37,11246,24.56,825,6802,60.48,14
SPECIALITY,EQ, 16-Oct-2020,34.35,34.1,34.85,33.8, 34.05,34.05,34.13,52432,17.9,359,41733,79.59,14
LASA,EQ, 16-Oct-2020,65.05,64.05,67.0,64.0, 67.00,66.05,65.27,29428,19.21,432,20898,71.01,13
DHANBANK,EQ, 16-Oct-2020,11.9,12.05,12.1,11.8, 11.95,11.9,11.91,195238,23.26,530,109958,56.32,13
HPL,EQ, 16-Oct-2020,28.4,28.55,31.0,28.55, 30.20,30.55,30.07,79463,23.89,770,44084,55.48,13
ARVSMART,EQ, 16-Oct-2020,83.7,84.1,85.5,81.3, 83.50,83.3,83.59,38115,31.86,767,16003,41.99,13
NECLIFE,EQ, 16-Oct-2020,20.6,20.55,20.95,20.55, 20.75,20.7,20.68,105861,21.89,467,63324,59.82,13
STARPAPER,EQ, 16-Oct-2020,90.65,90.9,91.95,89.8, 91.00,90.6,90.71,32534,29.51,586,14923,45.87,13
HMVL,EQ, 16-Oct-2020,46.15,47.4,47.4,44.8, 46.45,46.35,45.23,37665,17.04,299,30479,80.92,13
SCHNEIDER,EQ, 16-Oct-2020,73.6,74.2,75.75,73.65, 75.70,75.35,74.65,47215,35.25,1178,17503,37.07,13
BIRLATYRE,EQ, 16-Oct-2020,19.2,19.5,19.8,19.05, 19.40,19.25,19.28,136552,26.33,779,71817,52.59,13
SPIC,EQ, 16-Oct-2020,17.5,17.3,17.75,17.0, 17.40,17.3,17.34,135173,23.44,395,78153,57.82,13
A2ZINFRA,EQ, 16-Oct-2020,3.8,3.65,3.8,3.65, 3.65,3.65,3.66,551060,20.18,395,373516,67.78,13
EBBETF0423,EQ, 16-Oct-2020,1096.19,1097.1,1098.0,1097.05, 1097.50,1097.46,1097.22,1187,13.02,41,1183,99.66,12
DICIND,EQ, 16-Oct-2020,367.85,368.55,379.9,363.1, 375.00,370.7,368.64,3857,14.22,140,3267,84.7,12
RML,EQ, 16-Oct-2020,202.3,204.9,212.0,202.5, 211.00,208.75,208.64,21075,43.97,1148,6110,28.99,12
MAZDA,EQ, 16-Oct-2020,522.75,524.35,535.25,522.1, 529.00,533.7,528.25,3657,19.32,178,2395,65.49,12
ICICISENSX,EQ, 16-Oct-2020,430.34,434.99,434.99,426.02, 431.40,431.66,430.89,5367,23.13,64,2835,52.82,12
SUNDARMHLD,EQ, 16-Oct-2020,55.1,57.15,57.5,54.7, 56.15,55.6,55.34,34416,19.05,341,22820,66.31,12
ROLTA,EQ, 16-Oct-2020,4.45,4.35,4.55,4.25, 4.25,4.25,4.29,397725,17.05,3866,294521,74.05,12
GOLDIAM,EQ, 16-Oct-2020,121.4,121.8,127.0,121.05, 124.65,125.3,124.57,18884,23.52,660,10160,53.8,12
APCOTEXIND,EQ, 16-Oct-2020,135.3,136.25,137.0,133.0, 134.35,133.9,134.47,15794,21.24,501,9475,59.99,12
TIIL,EQ, 16-Oct-2020,339.3,343.45,350.0,337.15, 344.00,342.4,343.43,4701,16.14,293,3712,78.96,12
TTML,EQ, 16-Oct-2020,2.85,2.9,2.9,2.75, 2.80,2.75,2.81,647782,18.23,869,418831,64.66,11
IZMO,EQ, 16-Oct-2020,41.8,41.8,43.85,39.75, 41.00,40.9,41.62,42168,17.55,405,28364,67.26,11
JMCPROJECT,EQ, 16-Oct-2020,50.35,50.35,50.65,49.5, 49.70,50.0,49.99,47976,23.99,558,23567,49.12,11
TBZ,EQ, 16-Oct-2020,36.75,36.9,37.4,36.45, 36.80,36.85,36.86,70209,25.88,567,31123,44.33,11
GET&D,EQ, 16-Oct-2020,86.4,85.55,89.0,85.55, 87.00,87.95,87.58,19568,17.14,1180,12863,65.73,11
KIRLOSBROS,EQ, 16-Oct-2020,110.2,114.95,114.95,109.8, 111.55,111.75,111.72,24386,27.24,624,10160,41.66,11
JOCIL,EQ, 16-Oct-2020,156.85,153.8,167.05,153.35, 167.00,165.1,161.85,12241,19.81,485,7117,58.14,11
HCL-INSYS,EQ, 16-Oct-2020,7.65,7.65,7.7,7.3, 7.35,7.4,7.53,236155,17.78,635,156743,66.37,11
MANGCHEFER,EQ, 16-Oct-2020,27.7,27.25,28.2,27.25, 27.85,27.95,27.93,70455,19.68,583,42670,60.56,11
VESUVIUS,EQ, 16-Oct-2020,863.35,857.6,864.8,851.2, 864.00,863.0,858.22,1761,15.11,160,1338,75.98,11
GFLLIMITED,EQ, 16-Oct-2020,84.7,85.5,87.3,83.85, 85.00,85.75,85.04,20428,17.37,613,13055,63.91,11
CONTROLPR,EQ, 16-Oct-2020,203.3,206.45,206.7,202.2, 206.35,205.3,204.77,7764,15.9,425,5800,74.7,11
PSB,EQ, 16-Oct-2020,10.7,10.7,10.85,10.3, 10.55,10.5,10.58,165553,17.51,544,113280,68.43,11
AAKASH,EQ, 16-Oct-2020,53.1,53.05,53.1,51.7, 52.70,52.7,52.48,38640,20.28,333,22501,58.23,11
UTTAMSTL,EQ, 16-Oct-2020,5.7,5.7,5.95,5.7, 5.95,5.95,5.88,243205,14.3,152,195419,80.35,11
CENTUM,EQ, 16-Oct-2020,296.3,295.15,307.4,295.15, 300.00,302.85,303.62,4711,14.3,348,3795,80.56,11
KOTAKPSUBK,EQ, 16-Oct-2020,125.0,126.05,127.5,123.21, 125.00,126.47,126.01,11469,14.45,136,9276,80.88,11
ORIENTPPR,EQ, 16-Oct-2020,16.35,16.35,16.65,16.25, 16.35,16.4,16.44,210664,34.63,890,62964,29.89,10
AKSHARCHEM,EQ, 16-Oct-2020,203.75,205.5,207.0,202.1, 205.50,203.8,204.66,9738,19.93,934,4985,51.19,10
SHARDACROP,EQ, 16-Oct-2020,241.8,242.95,242.95,236.3, 236.50,238.55,238.56,9419,22.47,859,4539,48.19,10
SANGINITA,EQ, 16-Oct-2020,69.2,69.2,69.9,62.0, 62.00,64.1,66.75,28595,19.09,299,15334,53.62,10
OPTIEMUS,EQ, 16-Oct-2020,81.2,85.25,85.25,85.25, 85.25,85.25,85.25,12472,10.63,33,12472,100.0,10
63MOONS,EQ, 16-Oct-2020,73.1,73.5,73.7,72.0, 72.10,72.35,72.61,22212,16.13,411,14143,63.67,10
MBLINFRA,EQ, 16-Oct-2020,8.4,8.8,8.8,8.6, 8.80,8.8,8.79,127627,11.22,148,116171,91.02,10
SREINFRA,EQ, 16-Oct-2020,6.4,6.4,6.6,6.35, 6.50,6.45,6.45,232930,15.03,370,162451,69.74,10
MUNJALSHOW,EQ, 16-Oct-2020,123.05,126.0,126.0,123.05, 123.50,124.15,124.14,12507,15.53,504,8155,65.2,10
ASHIANA,EQ, 16-Oct-2020,74.8,73.85,77.5,73.85, 76.50,76.3,75.74,20619,15.62,389,14036,68.07,10
PRESSMN,EQ, 16-Oct-2020,17.05,17.6,17.6,16.2, 16.50,16.5,16.54,68215,11.28,319,63393,92.93,10
NACLIND,EQ, 16-Oct-2020,36.4,35.5,37.9,35.5, 36.10,36.15,36.4,37749,13.74,248,29291,77.59,10
JASH,EQ, 16-Oct-2020,200.8,200.8,202.5,199.95, 202.50,202.0,200.56,6204,12.44,168,5476,88.27,10
JAGSNPHARM,EQ, 16-Oct-2020,41.25,41.3,42.35,41.3, 41.85,41.75,41.9,36275,15.2,333,24120,66.49,10
TVSSRICHAK,EQ, 16-Oct-2020,1388.85,1418.95,1418.95,1367.55, 1407.00,1390.6,1391.04,1721,23.94,363,716,41.6,9
TRITURBINE,EQ, 16-Oct-2020,70.35,70.5,73.2,69.35, 70.30,70.05,70.55,34161,24.1,531,12767,37.37,9
COMPINFO,EQ, 16-Oct-2020,13.45,13.15,13.75,12.15, 13.00,12.6,13.07,143123,18.71,508,72847,50.9,9
NAVKARCORP,EQ, 16-Oct-2020,24.65,24.5,25.5,24.5, 24.55,24.6,24.77,99256,24.59,465,38526,38.81,9
HERCULES,EQ, 16-Oct-2020,86.85,87.9,88.45,86.5, 86.50,86.7,87.04,19814,17.25,584,10506,53.02,9
AYMSYNTEX,EQ, 16-Oct-2020,28.15,28.45,29.85,28.0, 28.00,28.75,29.22,41930,12.25,384,31143,74.27,9
ALLSEC,EQ, 16-Oct-2020,280.7,277.5,282.5,271.7, 278.00,275.05,276.95,6432,17.81,574,3292,51.18,9
ROSSELLIND,EQ, 16-Oct-2020,128.15,127.1,131.65,126.1, 127.00,126.55,128.07,9138,11.7,186,7326,80.17,9
SREEL,EQ, 16-Oct-2020,130.95,134.65,140.7,129.15, 130.50,130.85,133.73,17319,23.16,541,6984,40.33,9
PATELENG,EQ, 16-Oct-2020,11.8,11.95,12.1,11.45, 11.70,11.65,11.67,118929,13.88,562,84946,71.43,9
CEREBRAINT,EQ, 16-Oct-2020,28.15,27.7,28.95,27.7, 28.20,28.2,28.27,50601,14.31,197,35265,69.69,9
SRHHYPOLTD,EQ, 16-Oct-2020,174.3,172.7,181.6,172.7, 174.25,175.15,175.93,9568,16.83,687,5479,57.26,9
PDSMFL,EQ, 16-Oct-2020,305.15,305.15,305.15,300.0, 302.00,302.0,302.56,3311,10.02,91,3108,93.87,9
SKIPPER,EQ, 16-Oct-2020,50.85,52.6,52.6,49.75, 50.15,50.35,51.04,31570,16.11,415,18564,58.8,9
ICICITECH,EQ, 16-Oct-2020,216.6,227.7,227.7,210.0, 215.50,216.24,216.07,23378,50.51,119,4533,19.39,9
NITINSPIN,EQ, 16-Oct-2020,40.6,41.35,41.85,40.25, 40.80,40.9,41.14,37556,15.45,378,22122,58.9,9
ARIES,EQ, 16-Oct-2020,77.1,76.3,79.35,76.1, 79.35,78.65,78.23,21199,16.58,341,11521,54.35,9
PSUBNKBEES,EQ, 16-Oct-2020,14.08,14.4,14.69,13.88, 14.00,13.99,13.99,84207,11.78,211,62323,74.01,8
ICICIBANKN,EQ, 16-Oct-2020,229.86,229.86,234.7,229.86, 233.32,233.34,232.01,4965,11.52,235,3631,73.13,8
SOTL,EQ, 16-Oct-2020,666.1,660.95,676.0,655.0, 664.50,656.95,659.31,1585,10.45,131,1279,80.69,8
AXISCADES,EQ, 16-Oct-2020,45.85,45.4,47.5,44.25, 44.65,44.6,45.06,38386,17.3,487,18294,47.66,8
SUNCLAYLTD,EQ, 16-Oct-2020,1663.2,1680.0,1680.0,1646.65, 1660.00,1668.5,1664.56,759,12.63,126,523,68.91,8
FELDVR,EQ, 16-Oct-2020,11.0,11.55,11.55,10.45, 10.45,10.45,10.68,116938,12.49,304,75321,64.41,8
SANCO,EQ, 16-Oct-2020,14.1,14.4,14.4,13.7, 14.15,14.15,14.15,59930,8.48,117,58622,97.82,8
TEXINFRA,EQ, 16-Oct-2020,34.7,34.3,35.15,33.1, 34.25,34.2,34.49,26142,9.02,104,23770,90.93,8
TNPETRO,EQ, 16-Oct-2020,34.5,34.65,35.2,34.4, 34.40,34.5,34.63,42709,14.79,462,23846,55.83,8
TEXMOPIPES,EQ, 16-Oct-2020,15.35,15.7,15.7,14.4, 14.60,14.65,14.86,72718,10.81,366,55545,76.38,8
SHREEPUSHK,EQ, 16-Oct-2020,108.1,107.6,108.65,106.5, 107.00,106.9,107.29,10646,11.42,301,8203,77.05,8
KHADIM,EQ, 16-Oct-2020,108.75,110.95,111.0,107.1, 109.95,109.4,109.52,17033,18.65,551,7898,46.37,8
UCALFUEL,EQ, 16-Oct-2020,110.4,110.6,113.45,110.4, 112.65,112.55,111.91,13660,15.29,432,7367,53.93,8
TVSELECT,EQ, 16-Oct-2020,93.7,93.95,95.75,90.1, 93.75,92.5,92.43,17039,15.75,515,8888,52.16,8
NSIL,EQ, 16-Oct-2020,748.0,739.95,792.05,735.05, 790.00,784.2,767.67,1993,15.3,243,1109,55.64,8
GOCLCORP,EQ, 16-Oct-2020,178.25,179.8,180.0,174.75, 179.15,175.6,175.88,7048,12.4,468,4905,69.59,8
VIKASWSP,EQ, 16-Oct-2020,3.85,3.9,3.95,3.7, 3.90,3.85,3.83,333389,12.78,296,210798,63.23,8
GTLINFRA,EQ, 16-Oct-2020,0.6,0.65,0.65,0.55, 0.65,0.6,0.61,1694947,10.3,859,1351212,79.72,8
DIAMONDYD,EQ, 16-Oct-2020,599.7,598.95,599.0,590.0, 594.00,596.15,596.03,2011,11.99,217,1509,75.04,8
WONDERLA,EQ, 16-Oct-2020,151.35,157.0,157.0,150.1, 152.50,153.25,152.66,12628,19.28,802,5647,44.72,8
PENIND,EQ, 16-Oct-2020,15.4,15.65,15.9,15.35, 15.40,15.45,15.52,214967,33.37,1204,46114,21.45,7
ARCHIDPLY,EQ, 16-Oct-2020,25.25,24.95,25.8,24.65, 25.50,25.4,25.37,48724,12.36,349,30507,62.61,7
SHANTIGEAR,EQ, 16-Oct-2020,98.25,98.25,99.15,96.55, 97.50,98.0,98.03,12338,12.1,407,7623,61.78,7
HUBTOWN,EQ, 16-Oct-2020,10.5,10.8,10.8,10.35, 10.55,10.6,10.63,76134,8.09,175,74701,98.12,7
MPSLTD,EQ, 16-Oct-2020,382.25,382.0,393.8,377.1, 378.90,378.9,381.43,3045,11.61,336,2036,66.86,7
NRAIL,EQ, 16-Oct-2020,173.85,178.75,178.75,174.25, 176.90,175.9,175.69,5203,9.14,218,4427,85.09,7
SEAMECLTD,EQ, 16-Oct-2020,400.3,401.55,406.8,398.05, 401.00,400.9,400.58,2683,10.75,170,1836,68.43,7
NIPPOBATRY,EQ, 16-Oct-2020,526.7,528.05,534.45,516.85, 526.00,520.95,521.36,2024,10.55,213,1485,73.37,7
GPTINFRA,EQ, 16-Oct-2020,26.15,26.5,27.95,26.0, 27.80,27.45,27.3,39816,10.87,257,25869,64.97,7
NOVARTIND,EQ, 16-Oct-2020,632.8,633.0,647.95,633.0, 644.90,639.85,640.13,2534,16.22,299,1233,48.66,7
JAYSREETEA,EQ, 16-Oct-2020,56.65,57.7,57.9,56.2, 56.35,56.5,56.89,29924,17.02,381,13171,44.01,7
CENTENKA,EQ, 16-Oct-2020,165.15,166.55,169.2,165.1, 169.20,167.2,166.79,7978,13.31,364,4720,59.16,7
ELECON,EQ, 16-Oct-2020,22.6,22.9,22.9,22.55, 22.75,22.8,22.72,55152,12.53,563,34687,62.89,7
PODDARHOUS,EQ, 16-Oct-2020,156.45,156.45,159.55,151.65, 151.95,152.0,152.63,6062,9.25,129,5130,84.63,7
HARRMALAYA,EQ, 16-Oct-2020,88.95,88.65,91.45,88.65, 90.45,89.7,90.2,24217,21.84,605,7769,32.08,7
RAJRATAN,EQ, 16-Oct-2020,324.35,320.05,328.45,320.05, 326.00,326.2,324.64,2958,9.6,87,2288,77.35,7
NXTDIGITAL,EQ, 16-Oct-2020,624.2,660.0,660.0,610.65, 621.50,621.5,631.81,1813,11.45,248,1211,66.8,7
SORILINFRA,EQ, 16-Oct-2020,60.2,60.65,61.9,60.0, 60.00,60.3,60.76,19673,11.95,306,11807,60.02,7
SKMEGGPROD,EQ, 16-Oct-2020,41.9,42.4,42.4,40.8, 41.25,41.25,41.48,26251,10.89,251,18584,70.79,7
MAGADSUGAR,EQ, 16-Oct-2020,112.8,114.9,121.0,112.6, 116.10,115.85,116.96,14394,16.83,288,6402,44.48,7
UNIVCABLES,EQ, 16-Oct-2020,131.95,134.0,134.0,131.15, 133.10,132.85,132.66,13070,17.34,369,5881,45.0,7
INDTERRAIN,EQ, 16-Oct-2020,29.45,29.45,30.0,29.0, 29.95,29.7,29.47,38261,11.28,520,25799,67.43,7
ORIENTBELL,EQ, 16-Oct-2020,108.4,111.45,113.0,107.45, 111.00,111.2,110.75,19784,21.91,926,7164,36.21,7
GSS,EQ, 16-Oct-2020,35.85,36.15,36.8,34.6, 35.05,35.2,35.69,34322,12.25,414,20574,59.94,7
SANDHAR,EQ, 16-Oct-2020,245.85,244.05,248.95,237.2, 242.10,245.9,244.79,6986,17.1,492,2949,42.21,7
INDBANK,EQ, 16-Oct-2020,8.75,9.05,9.15,8.85, 9.10,9.1,9.07,144956,13.15,336,85910,59.27,7
ADORWELD,EQ, 16-Oct-2020,242.85,245.65,246.8,242.05, 242.05,242.55,243.58,4256,10.37,291,2639,62.01,6
JUBLINDS,EQ, 16-Oct-2020,132.6,133.9,134.25,130.05, 130.40,130.3,131.01,7380,9.67,317,4967,67.3,6
KAYA,EQ, 16-Oct-2020,214.35,214.0,218.05,213.65, 215.25,216.35,215.16,4490,9.66,350,2963,65.99,6
EBIXFOREX,EQ, 16-Oct-2020,319.85,319.0,328.0,310.3, 319.90,316.55,319.39,2596,8.29,292,1885,72.61,6
IFBAGRO,EQ, 16-Oct-2020,321.25,322.4,342.5,321.95, 328.50,327.65,330.03,8657,28.57,848,1856,21.44,6
BGRENERGY,EQ, 16-Oct-2020,32.5,32.6,33.8,32.05, 33.65,33.4,32.96,29989,9.89,427,19330,64.46,6
QGOLDHALF,EQ, 16-Oct-2020,2196.7,2205.1,2244.05,2198.0, 2198.00,2209.35,2213.86,565,12.51,140,280,49.56,6
HBANKETF,EQ, 16-Oct-2020,229.94,230.0,234.8,230.0, 234.50,233.5,232.81,3354,7.81,75,2823,84.17,6
BHAGERIA,EQ, 16-Oct-2020,130.3,130.35,133.9,128.95, 133.90,132.35,131.19,8559,11.23,366,5154,60.22,6
RUCHIRA,EQ, 16-Oct-2020,48.95,48.9,49.95,48.0, 48.45,48.4,48.52,19127,9.28,310,13591,71.06,6
FACT,EQ, 16-Oct-2020,41.9,42.1,42.7,41.75, 42.50,42.45,42.24,32783,13.85,428,15777,48.13,6
JSWHL,EQ, 16-Oct-2020,2260.05,2199.95,2310.0,2199.95, 2291.00,2286.0,2283.03,402,9.18,49,279,69.4,6
FOSECOIND,EQ, 16-Oct-2020,1206.05,1190.45,1205.05,1179.0, 1189.05,1186.7,1188.67,796,9.46,183,543,68.22,6
HARITASEAT,EQ, 16-Oct-2020,401.1,400.3,405.25,400.3, 401.20,400.9,403.19,2502,10.09,81,1595,63.75,6
DOLLAR,EQ, 16-Oct-2020,131.75,133.8,134.75,131.1, 134.75,132.8,132.43,10335,13.69,423,5074,49.1,6
HBLPOWER,EQ, 16-Oct-2020,16.05,16.4,16.45,15.15, 16.15,16.05,16.01,71756,11.49,317,43125,60.1,6
NILAINFRA,EQ, 16-Oct-2020,4.2,4.2,4.3,4.0, 4.10,4.1,4.12,280210,11.54,273,169150,60.37,6
MAXVIL,EQ, 16-Oct-2020,37.25,37.45,38.15,37.2, 37.60,37.6,37.61,28271,10.63,185,16632,58.83,6
PARACABLES,EQ, 16-Oct-2020,7.2,7.4,7.85,7.1, 7.40,7.45,7.5,209872,15.73,566,93272,44.44,6
MEP,EQ, 16-Oct-2020,14.75,15.0,15.45,13.9, 15.15,15.15,15.02,101186,15.2,492,43719,43.21,6
ELECTHERM,EQ, 16-Oct-2020,99.95,99.55,100.15,98.45, 98.55,99.15,99.14,8020,7.95,150,6473,80.71,6
SALZERELEC,EQ, 16-Oct-2020,91.3,91.2,93.4,89.85, 90.10,91.3,91.14,11275,10.28,323,7239,64.2,6
DTIL,EQ, 16-Oct-2020,238.8,244.9,247.0,238.2, 240.15,240.15,241.27,3093,7.46,220,2541,82.15,6
TOTAL,EQ, 16-Oct-2020,35.75,39.3,39.3,36.55, 39.30,39.3,38.84,31284,12.15,215,17276,55.22,6
UNIDT,EQ, 16-Oct-2020,248.1,246.35,255.1,246.35, 248.50,250.5,251.24,4028,10.12,157,2624,65.14,6
TDPOWERSYS,EQ, 16-Oct-2020,110.2,113.85,113.85,107.0, 107.10,107.75,108.43,8896,9.65,266,5983,67.25,6
UGARSUGAR,EQ, 16-Oct-2020,13.65,13.75,14.15,13.55, 14.10,14.1,13.86,121689,16.86,485,49683,40.83,6
NOIDATOLL,EQ, 16-Oct-2020,4.1,4.1,4.5,3.9, 4.40,4.45,4.24,199738,8.47,202,156465,78.34,6
RGL,EQ, 16-Oct-2020,229.65,239.95,240.0,228.0, 229.10,230.05,229.74,2892,6.64,143,2336,80.77,5
EMMBI,EQ, 16-Oct-2020,77.7,77.55,77.55,75.1, 76.50,76.55,76.14,10575,8.05,237,7676,72.59,5
NDTV,EQ, 16-Oct-2020,29.9,30.25,30.25,27.0, 28.75,28.3,28.56,32461,9.27,409,19205,59.16,5
ASTRON,EQ, 16-Oct-2020,47.9,48.85,49.0,47.65, 48.10,48.4,48.11,16759,8.06,134,12219,72.91,5
GULFPETRO,EQ, 16-Oct-2020,36.45,36.95,37.0,35.3, 36.05,36.0,35.91,23451,8.42,369,15315,65.31,5
WALCHANNAG,EQ, 16-Oct-2020,45.85,46.7,46.85,45.25, 46.45,46.1,45.98,16454,7.57,454,11238,68.3,5
GUJAPOLLO,EQ, 16-Oct-2020,225.55,228.15,234.35,226.05, 227.00,227.1,228.32,4158,9.49,370,2375,57.12,5
MANXT50,EQ, 16-Oct-2020,269.4,269.2,270.5,268.2, 269.50,269.5,269.73,2611,7.04,32,1911,73.19,5
STERTOOLS,EQ, 16-Oct-2020,171.75,171.1,174.0,168.0, 169.15,169.25,170.54,5294,9.03,187,3510,66.3,5
SHARDAMOTR,EQ, 16-Oct-2020,814.7,834.95,860.0,810.0, 848.00,850.15,837.57,1000,8.38,211,661,66.1,5
RHFL,EQ, 16-Oct-2020,1.7,1.75,1.75,1.65, 1.70,1.65,1.7,554537,9.45,406,350973,63.29,5
ZUARIGLOB,EQ, 16-Oct-2020,47.8,48.0,48.85,47.7, 48.50,48.35,48.29,20951,10.12,375,10764,51.38,5
KMSUGAR,EQ, 16-Oct-2020,10.25,10.45,10.5,10.05, 10.10,10.15,10.19,107655,10.96,321,53754,49.93,5
ONWARDTEC,EQ, 16-Oct-2020,64.15,64.6,66.0,64.0, 64.10,64.3,64.8,15373,9.96,269,8549,55.61,5
SAKUMA,EQ, 16-Oct-2020,5.9,5.95,6.0,5.75, 5.85,5.85,5.83,168172,9.8,202,97710,58.1,5
JINDRILL,EQ, 16-Oct-2020,73.55,70.35,74.75,69.6, 70.55,71.5,71.5,16182,11.57,458,7993,49.39,5
LOKESHMACH,EQ, 16-Oct-2020,19.8,19.55,20.2,19.05, 19.50,19.55,19.49,31540,6.15,104,28568,90.58,5
ADSL,EQ, 16-Oct-2020,23.0,23.2,23.6,22.7, 23.50,23.25,23.14,146216,33.83,1092,23871,16.33,5
ENIL,EQ, 16-Oct-2020,144.45,144.5,146.9,141.1, 146.90,143.1,142.93,6112,8.74,218,3592,58.77,5
DEEPENR,EQ, 16-Oct-2020,59.95,60.65,62.5,60.2, 62.00,60.95,60.9,12204,7.43,222,8388,68.73,5
GANECOS,EQ, 16-Oct-2020,249.3,246.15,254.95,246.1, 254.95,253.0,252.68,2487,6.28,96,2224,89.43,5
UTTAMSUGAR,EQ, 16-Oct-2020,81.2,81.3,83.75,81.0, 82.00,82.3,82.45,19597,16.16,412,7013,35.79,5
ICICILOVOL,EQ, 16-Oct-2020,98.18,103.7,103.7,96.0, 98.70,98.23,98.71,6403,6.32,140,5957,93.03,5
SELAN,EQ, 16-Oct-2020,103.8,105.9,105.9,104.05, 105.50,104.9,104.86,8312,8.72,255,5210,62.68,5
SHIVAMAUTO,EQ, 16-Oct-2020,17.25,17.6,17.6,16.65, 16.95,16.85,16.95,45263,7.67,188,31790,70.23,5
SAKAR,EQ, 16-Oct-2020,78.7,82.45,82.45,73.65, 74.10,75.25,77.53,21324,16.53,608,6676,31.31,5
SUTLEJTEX,EQ, 16-Oct-2020,28.0,28.45,29.5,27.5, 27.65,27.95,27.97,22195,6.21,167,19025,85.72,5
SETFNN50,EQ, 16-Oct-2020,279.33,280.97,282.86,276.11, 281.99,281.87,279.83,3875,10.84,165,1905,49.16,5
CORDSCABLE,EQ, 16-Oct-2020,39.1,37.55,39.5,37.55, 39.50,39.4,38.61,20993,8.11,160,14088,67.11,5
WINDMACHIN,EQ, 16-Oct-2020,13.85,13.8,14.25,13.2, 13.20,13.2,13.45,45836,6.17,122,39424,86.01,5
PRECWIRE,EQ, 16-Oct-2020,130.1,128.0,132.0,128.0, 129.00,129.6,129.65,7195,9.33,366,4011,55.75,5
PODDARMENT,EQ, 16-Oct-2020,180.15,181.95,181.95,173.75, 176.75,178.05,177.66,4160,7.39,294,3048,73.27,5
MMP,EQ, 16-Oct-2020,77.95,75.4,77.65,71.0, 73.00,73.8,73.66,6850,5.05,97,5629,82.18,4
NAGAFERT,EQ, 16-Oct-2020,4.15,4.25,4.45,4.1, 4.15,4.15,4.14,204139,8.46,206,116452,57.05,4
MMFL,EQ, 16-Oct-2020,316.0,312.85,320.85,308.15, 318.00,312.35,313.06,2993,9.37,216,1532,51.19,4
BANSWRAS,EQ, 16-Oct-2020,73.0,74.85,75.35,72.15, 74.90,74.55,74.5,8514,6.34,150,6501,76.36,4
REPRO,EQ, 16-Oct-2020,368.7,376.85,380.0,362.65, 370.10,376.2,373.18,2232,8.33,185,1237,55.42,4
STCINDIA,EQ, 16-Oct-2020,52.3,53.1,55.95,53.1, 55.00,54.25,53.97,62130,33.53,901,8437,13.58,4
WEBELSOLAR,EQ, 16-Oct-2020,18.75,18.5,19.4,18.4, 18.50,18.85,18.7,25404,4.75,168,22349,87.97,4
ZOTA,EQ, 16-Oct-2020,145.05,146.0,146.0,142.1, 144.00,144.1,143.85,3615,5.2,144,3205,88.66,4
RANEENGINE,EQ, 16-Oct-2020,207.45,209.95,212.0,204.0, 207.00,205.6,207.18,5774,11.96,376,2065,35.76,4
RUPA,EQ, 16-Oct-2020,180.9,182.4,185.9,180.05, 181.00,180.95,181.45,4075,7.39,244,2330,57.18,4
VASCONEQ,EQ, 16-Oct-2020,8.4,8.5,8.5,8.3, 8.40,8.4,8.36,80380,6.72,232,59244,73.7,4
KANORICHEM,EQ, 16-Oct-2020,40.05,41.0,41.0,39.2, 40.20,39.6,40.1,19939,8.0,270,11763,58.99,4
PEARLPOLY,EQ, 16-Oct-2020,16.35,17.1,17.15,16.0, 16.00,16.05,16.24,26157,4.25,85,25085,95.9,4
UTISXN50,EQ, 16-Oct-2020,329.18,339.0,360.0,293.36, 305.00,305.07,306.89,1848,5.67,165,1438,77.81,4
TIL,EQ, 16-Oct-2020,136.1,135.0,139.95,135.0, 136.45,136.05,136.02,4312,5.87,81,3611,83.74,4
KENNAMET,EQ, 16-Oct-2020,724.05,724.05,724.05,712.25, 718.00,714.25,716.55,780,5.59,165,560,71.79,4
SHREYANIND,EQ, 16-Oct-2020,72.15,73.05,74.35,71.1, 72.70,72.25,72.55,9815,7.12,302,5706,58.14,4
ANDHRACEMT,EQ, 16-Oct-2020,4.35,4.5,4.5,4.25, 4.30,4.3,4.34,147278,6.4,289,110937,75.32,4
MADRASFERT,EQ, 16-Oct-2020,16.95,16.8,17.15,16.7, 16.95,16.9,16.85,45044,7.59,206,27711,61.52,4
RSSOFTWARE,EQ, 16-Oct-2020,25.6,25.0,25.0,24.35, 24.35,24.35,24.62,25676,6.32,92,18530,72.17,4
JAYAGROGN,EQ, 16-Oct-2020,92.75,92.65,94.8,92.0, 93.90,93.65,93.4,6283,5.87,115,5127,81.6,4
OCCL,EQ, 16-Oct-2020,767.25,761.75,777.0,761.75, 772.50,772.45,772.11,862,6.66,179,571,66.24,4
AUTOIND,EQ, 16-Oct-2020,28.5,29.75,29.9,27.7, 29.90,29.4,29.28,54249,15.88,288,15696,28.93,4
APOLSINHOT,EQ, 16-Oct-2020,576.9,579.1,599.85,563.2, 596.95,585.05,586.75,2608,15.3,377,760,29.14,4
SANGAMIND,EQ, 16-Oct-2020,46.7,47.35,47.75,46.85, 47.00,47.0,47.05,10253,4.82,42,10119,98.69,4
KAKATCEM,EQ, 16-Oct-2020,142.35,142.25,143.5,140.65, 142.80,142.75,142.22,5470,7.78,236,3384,61.86,4
PREMEXPLN,EQ, 16-Oct-2020,118.6,117.2,119.85,115.75, 117.00,116.55,117.59,6414,7.54,232,3929,61.26,4
SUPERHOUSE,EQ, 16-Oct-2020,83.25,83.2,85.8,83.05, 85.00,84.75,84.28,8436,7.11,177,4841,57.39,4
ISFT,EQ, 16-Oct-2020,72.15,72.15,75.75,71.1, 75.00,74.6,73.79,7730,5.7,159,5837,75.51,4
BHARATGEAR,EQ, 16-Oct-2020,45.55,46.45,47.7,45.5, 45.50,45.95,46.12,10368,4.78,152,8778,84.66,4
NETFLTGILT,EQ, 16-Oct-2020,22.15,22.2,22.2,22.07, 22.16,22.15,22.16,20386,4.52,57,20219,99.18,4
GULPOLY,EQ, 16-Oct-2020,58.9,58.7,60.3,58.15, 59.00,58.85,59.08,10479,6.19,161,7317,69.83,4
DBREALTY,EQ, 16-Oct-2020,6.55,6.55,6.75,6.1, 6.60,6.5,6.5,160629,10.44,480,66579,41.45,4
SANDESH,EQ, 16-Oct-2020,504.8,506.05,520.0,501.0, 512.00,511.75,511.01,961,4.91,139,731,76.07,3
SHEMAROO,EQ, 16-Oct-2020,56.55,55.75,57.9,55.75, 57.35,56.85,56.61,10418,5.9,165,6449,61.9,3
FCSSOFT,EQ, 16-Oct-2020,0.4,0.45,0.45,0.35, 0.40,0.4,0.41,1209077,4.9,467,861026,71.21,3
RPPINFRA,EQ, 16-Oct-2020,51.6,52.0,53.0,50.3, 51.45,51.35,51.66,10821,5.59,177,6658,61.53,3
FILATEX,EQ, 16-Oct-2020,24.95,25.05,25.5,24.6, 25.25,25.15,25.01,27949,6.99,279,12691,45.41,3
LOTUSEYE,EQ, 16-Oct-2020,30.3,31.55,32.0,27.45, 30.20,30.2,29.69,19767,5.87,158,11031,55.81,3
SHRIRAMEPC,EQ, 16-Oct-2020,3.9,3.95,4.0,3.8, 3.90,3.9,3.88,136263,5.29,138,98790,72.5,3
DENORA,EQ, 16-Oct-2020,207.2,202.55,212.85,202.55, 207.00,208.1,209.17,2319,4.85,202,1777,76.63,3
SCHAND,EQ, 16-Oct-2020,63.6,64.55,66.0,63.0, 66.00,65.6,64.28,7042,4.53,133,5539,78.66,3
SANGHVIMOV,EQ, 16-Oct-2020,78.05,76.15,79.7,76.15, 79.55,78.55,77.84,5732,4.46,174,4115,71.79,3
KCPSUGIND,EQ, 16-Oct-2020,14.65,14.65,14.85,14.5, 14.80,14.75,14.71,41843,6.16,239,24912,59.54,3
JINDWORLD,EQ, 16-Oct-2020,48.7,51.5,51.5,48.5, 49.80,49.05,49.6,39174,19.43,797,7434,18.98,3
OMMETALS,EQ, 16-Oct-2020,17.25,18.35,18.35,16.7, 17.20,17.25,17.36,23803,4.13,164,18487,77.67,3
TERASOFT,EQ, 16-Oct-2020,27.3,27.35,28.6,27.2, 28.20,28.1,27.97,26597,7.44,287,11592,43.58,3
PENINLAND,EQ, 16-Oct-2020,3.9,4.05,4.05,3.75, 3.80,3.75,3.83,105705,4.05,169,81008,76.64,3
PATINTLOG,EQ, 16-Oct-2020,20.9,20.9,22.0,20.4, 21.10,21.2,20.87,27934,5.83,296,16118,57.7,3
MARATHON,EQ, 16-Oct-2020,52.8,52.95,54.95,50.3, 52.90,51.75,52.54,9428,4.95,209,5915,62.74,3
TOKYOPLAST,EQ, 16-Oct-2020,59.8,59.95,61.0,58.65, 60.00,60.0,59.94,7581,4.54,307,5758,75.95,3
ORTINLABSS,EQ, 16-Oct-2020,19.6,20.1,20.4,19.3, 20.35,20.0,19.88,18719,3.72,139,17205,91.91,3
ORICONENT,EQ, 16-Oct-2020,17.8,17.85,18.3,17.6, 17.90,17.7,17.81,37450,6.67,246,21341,56.99,3
ORBTEXP,EQ, 16-Oct-2020,56.25,57.9,58.5,56.6, 58.50,58.0,57.73,8418,4.86,133,5691,67.61,3
GOODLUCK,EQ, 16-Oct-2020,36.5,37.7,38.5,36.5, 37.50,37.6,37.33,16459,6.14,333,9640,58.57,3
MACPOWER,EQ, 16-Oct-2020,60.05,65.9,66.05,55.8, 64.50,63.65,61.06,23413,14.3,121,6547,27.96,3
HDFCNIFETF,EQ, 16-Oct-2020,1228.55,1234.0,1234.6,1225.1, 1233.80,1233.81,1230.72,295,3.63,56,248,84.07,3
PFOCUS,EQ, 16-Oct-2020,36.85,36.1,37.1,36.1, 37.00,37.0,36.89,10860,4.01,130,8541,78.65,3
CENTEXT,EQ, 16-Oct-2020,3.55,3.7,3.75,3.5, 3.75,3.7,3.66,134446,4.92,158,95930,71.35,3
V2RETAIL,EQ, 16-Oct-2020,47.5,47.85,48.5,47.1, 47.10,47.45,47.57,11164,5.31,227,6829,61.17,3
MANAKSIA,EQ, 16-Oct-2020,38.35,39.15,39.15,37.55, 38.10,38.35,38.17,14531,5.55,195,10330,71.09,3
KWALITY,EQ, 16-Oct-2020,2.4,2.4,2.5,2.35, 2.50,2.5,2.46,179984,4.43,297,122251,67.92,3
CINELINE,EQ, 16-Oct-2020,27.3,27.3,28.0,26.8, 26.80,27.1,27.13,20712,5.62,216,12986,62.7,3
ABAN,EQ, 16-Oct-2020,22.8,22.8,23.45,22.8, 22.90,23.0,23.09,20722,4.79,280,14736,71.11,3
GREENPOWER,EQ, 16-Oct-2020,1.8,1.85,1.85,1.75, 1.80,1.8,1.79,328426,5.87,300,178812,54.45,3
WENDT,EQ, 16-Oct-2020,3188.15,3195.05,3195.05,3126.1, 3126.10,3129.4,3148.42,158,4.97,69,111,70.25,3
NAHARPOLY,EQ, 16-Oct-2020,62.3,63.45,63.9,60.8, 63.50,63.05,62.24,9118,5.68,162,5965,65.42,3
ZODIACLOTH,EQ, 16-Oct-2020,98.75,100.0,101.5,98.0, 99.95,99.9,99.65,9317,9.28,431,3020,32.41,3
MAANALU,EQ, 16-Oct-2020,65.45,66.85,67.4,65.0, 66.50,66.1,66.14,10268,6.79,377,5266,51.29,3
HIRECT,EQ, 16-Oct-2020,118.8,122.5,123.0,120.7, 122.30,121.6,121.65,4059,4.94,122,3221,79.35,3
MAWANASUG,EQ, 16-Oct-2020,23.05,23.6,23.9,22.8, 23.25,23.25,23.44,32568,7.63,190,16796,51.57,3
KAMDHENU,EQ, 16-Oct-2020,73.1,74.9,74.9,70.05, 72.00,71.95,72.26,7388,5.34,167,4634,62.72,3
SPLIL,EQ, 16-Oct-2020,29.0,29.9,30.7,28.5, 30.50,30.1,29.97,16712,5.01,117,13286,79.5,3
JPINFRATEC,EQ, 16-Oct-2020,1.25,1.25,1.3,1.2, 1.20,1.2,1.23,411266,5.05,217,247465,60.17,3
PURVA,EQ, 16-Oct-2020,44.2,44.45,44.75,43.55, 43.75,43.95,43.98,20046,8.82,268,8377,41.79,3
SUMMITSEC,EQ, 16-Oct-2020,391.0,386.15,405.05,386.15, 400.00,397.7,398.84,1335,5.32,152,918,68.76,3
PROZONINTU,EQ, 16-Oct-2020,16.0,16.15,16.65,15.85, 16.00,16.05,16.14,41916,6.77,344,23950,57.14,3
BIRLACABLE,EQ, 16-Oct-2020,50.65,51.0,51.85,50.3, 50.60,50.75,50.74,11227,5.7,211,6120,54.51,3
M100,EQ, 16-Oct-2020,17.52,17.77,17.78,17.25, 17.59,17.56,17.49,23379,4.09,159,18249,78.06,3
INTENTECH,EQ, 16-Oct-2020,33.4,32.15,34.0,32.15, 34.00,33.8,33.09,15235,5.04,105,10628,69.76,3
BPL,EQ, 16-Oct-2020,17.95,18.05,18.45,17.9, 18.05,18.2,18.12,30524,5.53,193,18664,61.15,3
VETO,EQ, 16-Oct-2020,42.0,43.0,43.0,41.05, 41.55,41.85,41.85,9153,3.83,169,6670,72.87,2
MENONBE,EQ, 16-Oct-2020,40.45,40.5,40.9,39.5, 40.30,40.4,39.98,10886,4.35,206,5394,49.55,2
FMNL,EQ, 16-Oct-2020,14.5,14.2,14.7,14.15, 14.15,14.2,14.27,18409,2.63,145,15413,83.73,2
ICICI500,EQ, 16-Oct-2020,156.6,159.99,159.99,156.2, 157.59,157.3,157.3,1707,2.69,65,1361,79.73,2
HITECH,EQ, 16-Oct-2020,108.95,110.0,114.45,108.4, 114.35,113.55,111.27,2337,2.6,79,2024,86.61,2
STEL,EQ, 16-Oct-2020,53.6,55.15,55.15,45.25, 54.00,54.0,52.86,9441,4.99,186,5217,55.26,2
GALLANTT,EQ, 16-Oct-2020,32.25,32.25,32.55,31.0, 32.00,31.95,31.82,15103,4.81,291,8568,56.73,2
GRPLTD,EQ, 16-Oct-2020,678.1,684.95,710.0,675.0, 709.00,705.05,696.81,954,6.65,189,375,39.31,2
VLSFINANCE,EQ, 16-Oct-2020,52.5,52.55,53.7,52.25, 53.25,52.8,52.78,8059,4.25,143,5316,65.96,2
ARIHANTSUP,EQ, 16-Oct-2020,18.5,18.0,19.35,17.7, 18.40,18.9,18.9,12967,2.45,43,12947,99.85,2
SUMEETINDS,EQ, 16-Oct-2020,2.3,2.35,2.4,2.2, 2.40,2.4,2.3,153150,3.52,85,100559,65.66,2
MITTAL,EQ, 16-Oct-2020,19.3,19.95,19.95,18.35, 18.50,18.35,18.68,17217,3.22,175,13713,79.65,2
TRF,EQ, 16-Oct-2020,76.15,79.8,79.8,74.2, 75.55,75.55,75.71,9765,7.39,184,3818,39.1,2
TRIL,EQ, 16-Oct-2020,9.1,9.35,9.35,9.0, 9.15,9.15,9.13,25417,2.32,102,21916,86.23,2
GLOBALVECT,EQ, 16-Oct-2020,47.85,48.7,48.7,47.1, 47.95,47.85,47.94,7315,3.51,115,4217,57.65,2
IMPAL,EQ, 16-Oct-2020,545.45,540.05,549.4,536.1, 545.00,539.9,542.14,1112,6.03,106,453,40.74,2
ALPHAGEO,EQ, 16-Oct-2020,157.35,159.9,160.0,155.0, 159.45,159.15,157.11,3826,6.01,246,1748,45.69,2
INVENTURE,EQ, 16-Oct-2020,17.6,17.95,18.0,16.6, 17.40,17.4,17.4,26713,4.65,158,15796,59.13,2
SINTERCOM,EQ, 16-Oct-2020,78.0,80.0,80.0,78.0, 78.05,78.05,78.01,3050,2.38,6,3035,99.51,2
LYKALABS,EQ, 16-Oct-2020,18.35,19.0,19.0,17.8, 18.05,18.15,18.1,16922,3.06,112,14203,83.93,2
LSIL,EQ, 16-Oct-2020,0.65,0.65,0.7,0.65, 0.70,0.7,0.68,592422,4.02,178,386786,65.29,2
ICICINXT50,EQ, 16-Oct-2020,27.46,28.47,28.47,27.22, 27.45,27.44,27.42,14798,4.06,88,9247,62.49,2
ICICIM150,EQ, 16-Oct-2020,64.08,64.08,64.37,64.0, 64.09,64.09,64.13,3998,2.56,19,3997,99.97,2
ICICIALPLV,EQ, 16-Oct-2020,121.98,121.87,122.9,121.57, 122.90,122.73,122.69,1788,2.19,13,1647,92.11,2
HINDCOMPOS,EQ, 16-Oct-2020,189.1,189.95,194.0,187.0, 187.00,190.95,190.27,1955,3.72,143,1137,58.16,2
LICNETFGSC,EQ, 16-Oct-2020,21.73,21.74,22.15,21.6, 21.82,21.82,21.8,11591,2.53,57,10921,94.22,2
MURUDCERA,EQ, 16-Oct-2020,16.55,16.3,16.9,16.05, 16.20,16.15,16.29,26070,4.25,200,16938,64.97,2
KDDL,EQ, 16-Oct-2020,163.1,169.65,169.65,161.0, 161.00,162.55,163.37,1517,2.48,71,1260,83.06,2
JIYAECO,EQ, 16-Oct-2020,7.35,7.55,7.55,6.95, 6.95,7.0,7.11,63140,4.49,274,39889,63.18,2
KOTHARIPET,EQ, 16-Oct-2020,15.1,15.15,15.4,14.8, 15.10,14.95,15.12,20454,3.09,110,15976,78.11,2
KABRAEXTRU,EQ, 16-Oct-2020,71.65,73.1,74.6,71.75, 73.50,72.4,72.79,5127,3.73,111,3877,75.62,2
KECL,EQ, 16-Oct-2020,11.05,11.05,11.3,10.95, 10.95,11.0,11.06,26693,2.95,133,20824,78.01,2
JISLDVREQS,EQ, 16-Oct-2020,10.2,10.2,10.75,9.55, 10.40,10.4,10.22,46459,4.75,261,25196,54.23,2
PTL,EQ, 16-Oct-2020,35.7,35.85,36.9,35.8, 36.85,36.85,36.55,8040,2.94,155,6435,80.04,2
PILITA,EQ, 16-Oct-2020,6.5,6.75,6.9,6.55, 6.75,6.7,6.72,46411,3.12,120,37766,81.37,2
ORIENTABRA,EQ, 16-Oct-2020,19.05,18.95,19.5,18.6, 19.45,19.25,19.12,22078,4.22,237,13785,62.44,2
PIONDIST,EQ, 16-Oct-2020,100.35,99.85,101.85,99.15, 100.95,100.05,99.9,3667,3.66,68,2511,68.48,2
KKCL,EQ, 16-Oct-2020,744.05,762.95,762.95,740.0, 747.00,747.75,745.34,409,3.05,64,344,84.11,2
NAHARINDUS,EQ, 16-Oct-2020,24.2,23.5,24.8,22.75, 24.80,24.05,23.95,12113,2.9,94,11186,92.35,2
AURIONPRO,EQ, 16-Oct-2020,76.7,78.0,78.0,74.55, 77.00,77.1,76.54,5263,4.03,257,3038,57.72,2
PAISALO,EQ, 16-Oct-2020,398.9,393.05,414.0,385.1, 400.00,391.7,391.84,11275,44.18,186,747,6.63,2
KAMATHOTEL,EQ, 16-Oct-2020,29.45,29.7,30.0,29.4, 29.90,29.85,29.69,16302,4.84,207,8533,52.34,2
NETFNV20,EQ, 16-Oct-2020,62.53,62.58,63.75,61.99, 62.77,62.34,62.34,4431,2.76,37,4431,100.0,2
DHUNINV,EQ, 16-Oct-2020,219.2,221.95,224.85,216.45, 220.00,222.1,220.11,1288,2.84,114,1074,83.39,2
CMICABLES,EQ, 16-Oct-2020,34.7,34.45,35.35,34.0, 35.35,35.1,34.76,11002,3.82,112,5850,53.17,2
AHLEAST,EQ, 16-Oct-2020,133.95,135.0,135.3,133.95, 135.00,135.05,134.98,1196,1.61,41,1132,94.65,1
KOTAKNV20,EQ, 16-Oct-2020,61.37,70.0,70.0,59.6, 61.50,61.49,61.4,2247,1.38,64,1977,87.98,1
ICICINF100,EQ, 16-Oct-2020,128.0,128.0,128.0,125.01, 127.85,127.85,126.78,1876,2.38,83,1404,74.84,1
ICICINV20,EQ, 16-Oct-2020,59.99,61.7,61.7,55.77, 60.40,60.26,60.18,3978,2.39,167,3303,83.03,1
ICICIMCAP,EQ, 16-Oct-2020,63.69,64.64,65.7,63.9, 64.40,64.1,64.04,7290,4.67,80,2807,38.5,1
SURYALAXMI,EQ, 16-Oct-2020,16.75,17.0,17.0,15.5, 16.25,16.2,16.22,9307,1.51,65,7116,76.46,1
SURANAT&P,EQ, 16-Oct-2020,3.8,3.75,3.85,3.75, 3.80,3.8,3.75,31695,1.19,20,31695,100.0,1
MUKTAARTS,EQ, 16-Oct-2020,26.6,26.7,26.9,24.0, 26.90,25.8,26.12,5460,1.43,97,4708,86.23,1
GAMMNINFRA,EQ, 16-Oct-2020,0.55,0.55,0.6,0.55, 0.60,0.55,0.58,328595,1.9,153,189837,57.77,1
BHANDARI,EQ, 16-Oct-2020,1.05,1.1,1.15,1.05, 1.15,1.1,1.1,150320,1.65,216,110501,73.51,1
PREMIERPOL,EQ, 16-Oct-2020,21.25,22.1,22.9,21.7, 22.00,22.0,22.33,7556,1.69,82,4583,60.65,1
NITCO,EQ, 16-Oct-2020,17.3,17.4,17.9,17.0, 17.00,17.1,17.33,17450,3.02,180,9569,54.84,1
AGROPHOS,EQ, 16-Oct-2020,8.95,9.0,9.0,8.65, 8.75,8.75,8.81,16359,1.44,71,14941,91.33,1
TAINWALCHM,EQ, 16-Oct-2020,46.65,49.0,49.0,45.6, 46.55,46.6,46.54,4765,2.22,157,2393,50.22,1
AGARIND,EQ, 16-Oct-2020,85.15,86.95,87.75,85.1, 87.75,87.15,87.01,2886,2.51,75,2101,72.8,1
RAJTV,EQ, 16-Oct-2020,34.95,35.75,35.75,32.3, 34.10,34.1,34.02,5301,1.8,55,3835,72.34,1
MCDHOLDING,EQ, 16-Oct-2020,22.85,22.8,23.7,22.0, 22.65,22.75,22.64,10813,2.45,121,7065,65.34,1
ARSSINFRA,EQ, 16-Oct-2020,12.25,13.3,13.3,11.9, 11.95,12.1,12.17,20555,2.5,133,15659,76.18,1
EIMCOELECO,EQ, 16-Oct-2020,309.7,304.95,319.65,299.95, 311.00,304.2,306.0,730,2.23,159,354,48.49,1
CHEMBOND,EQ, 16-Oct-2020,140.4,143.85,144.95,140.05, 140.25,141.55,141.49,1629,2.3,98,1031,63.29,1
ADHUNIKIND,EQ, 16-Oct-2020,18.2,18.5,18.5,17.25, 18.00,17.7,17.7,14682,2.6,124,8469,57.68,1
CORALFINAC,EQ, 16-Oct-2020,19.6,19.0,20.0,18.7, 18.70,19.0,19.06,7749,1.48,64,7285,94.01,1
IFGLEXPOR,EQ, 16-Oct-2020,147.35,152.2,152.2,144.3, 145.05,147.1,146.98,1577,2.32,109,858,54.41,1
PONNIERODE,EQ, 16-Oct-2020,152.45,151.25,156.35,147.0, 153.20,153.0,151.08,1766,2.67,115,1069,60.53,1
SHAREINDIA,EQ, 16-Oct-2020,99.45,100.0,101.75,99.05, 101.00,101.0,101.37,14234,14.43,138,1756,12.34,1
GANESHHOUC,EQ, 16-Oct-2020,25.15,24.3,25.5,24.3, 25.50,25.45,24.99,6072,1.52,40,5176,85.24,1
BYKE,EQ, 16-Oct-2020,12.95,13.25,13.45,12.85, 13.45,13.3,13.15,15753,2.07,91,12075,76.65,1
ALICON,EQ, 16-Oct-2020,295.5,305.9,305.9,296.95, 298.00,300.35,300.85,825,2.48,88,485,58.79,1
OSWALAGRO,EQ, 16-Oct-2020,8.55,8.85,8.95,8.45, 8.75,8.7,8.71,21779,1.9,99,13530,62.12,1
TREEHOUSE,EQ, 16-Oct-2020,6.3,6.2,6.6,6.05, 6.35,6.5,6.38,24338,1.55,76,16031,65.87,1
HINDNATGLS,EQ, 16-Oct-2020,24.5,24.95,25.0,22.6, 23.80,24.25,24.34,7308,1.78,179,5084,69.57,1
MTEDUCARE,EQ, 16-Oct-2020,9.15,9.5,9.6,9.0, 9.20,9.15,9.26,24863,2.3,149,18255,73.42,1
HINDMOTORS,EQ, 16-Oct-2020,5.0,5.1,5.1,4.9, 5.05,5.0,5.02,48635,2.44,146,33809,69.52,1
TTKHLTCARE,EQ, 16-Oct-2020,440.55,448.05,449.0,439.95, 444.00,444.75,444.08,475,2.11,141,311,65.47,1
HISARMETAL,EQ, 16-Oct-2020,67.55,67.55,69.5,66.6, 68.85,69.1,68.15,3602,2.45,120,2478,68.8,1
HITECHGEAR,EQ, 16-Oct-2020,115.35,117.85,118.5,115.1, 116.85,116.85,116.52,1871,2.18,51,1585,84.71,1
HLVLTD,EQ, 16-Oct-2020,4.75,4.6,5.0,4.6, 4.70,4.75,4.79,64553,3.09,140,31661,49.05,1
AKSHOPTFBR,EQ, 16-Oct-2020,5.25,5.45,5.45,5.25, 5.30,5.35,5.33,49176,2.62,152,35877,72.96,1
THEINVEST,EQ, 16-Oct-2020,116.15,123.1,132.0,111.0, 115.95,114.75,114.56,3405,3.9,171,1608,47.22,1
PDMJEPAPER,EQ, 16-Oct-2020,14.2,14.1,14.45,13.95, 14.10,14.0,14.07,23103,3.25,117,9157,39.64,1
OMAXAUTO,EQ, 16-Oct-2020,36.9,36.75,37.75,36.55, 37.40,37.25,37.29,5197,1.94,184,3449,66.37,1
DAMODARIND,EQ, 16-Oct-2020,23.9,23.2,24.3,23.05, 23.15,23.2,23.44,8862,2.08,55,7679,86.65,1
AMJLAND,EQ, 16-Oct-2020,19.35,19.25,19.7,19.0, 19.40,19.2,19.2,7851,1.51,33,7521,95.8,1
GINNIFILA,EQ, 16-Oct-2020,11.8,11.6,11.85,11.45, 11.85,11.8,11.72,17722,2.08,66,14592,82.34,1
BSLGOLDETF,EQ, 16-Oct-2020,4648.7,4745.0,4745.0,4670.0, 4687.00,4687.0,4680.17,76,3.56,23,40,52.63,1
PGIL,EQ, 16-Oct-2020,163.05,168.8,168.8,163.2, 163.55,164.95,165.43,1495,2.47,67,1079,72.17,1
HDFCSENETF,EQ, 16-Oct-2020,4300.0,4279.99,4284.99,4225.0, 4268.90,4242.13,4249.41,60,2.55,31,42,70.0,1
GEECEE,EQ, 16-Oct-2020,62.8,62.7,64.65,60.35, 62.75,63.15,63.3,3811,2.41,151,1918,50.33,1
BRNL,EQ, 16-Oct-2020,29.3,29.35,29.4,28.05, 29.35,29.35,29.04,6018,1.75,123,4417,73.4,1
ANIKINDS,EQ, 16-Oct-2020,11.55,11.8,12.0,11.05, 11.20,11.4,11.34,23215,2.63,92,15395,66.31,1
UMANGDAIRY,EQ, 16-Oct-2020,44.75,44.65,45.9,43.2, 43.50,43.4,44.28,4976,2.2,176,3312,66.56,1
LINCPEN,EQ, 16-Oct-2020,158.85,159.4,167.9,158.65, 160.35,160.55,160.31,988,1.58,55,661,66.9,1
JMTAUTOLTD,EQ, 16-Oct-2020,2.6,2.65,2.7,2.6, 2.70,2.7,2.67,94243,2.52,126,65202,69.18,1
TARMAT,EQ, 16-Oct-2020,37.3,37.0,39.2,37.0, 38.00,38.0,38.17,5823,2.22,87,4973,85.4,1
UNITEDTEA,EQ, 16-Oct-2020,322.65,322.7,330.65,320.0, 329.85,326.9,324.0,730,2.37,63,470,64.38,1
BANARISUG,EQ, 16-Oct-2020,1300.15,1315.0,1315.0,1300.0, 1308.00,1306.4,1302.22,101,1.32,24,80,79.21,1
EIHAHOTELS,EQ, 16-Oct-2020,225.45,225.05,229.85,222.35, 227.95,227.6,226.23,1115,2.52,133,737,66.1,1
SILINV,EQ, 16-Oct-2020,135.35,134.0,140.4,134.0, 140.00,140.2,139.39,926,1.29,89,766,82.72,1
CREST,EQ, 16-Oct-2020,80.3,85.1,89.5,80.2, 81.85,81.6,81.83,5119,4.19,263,1925,37.61,1
SMARTLINK,EQ, 16-Oct-2020,71.8,70.0,72.8,70.0, 71.00,71.1,71.33,4220,3.01,139,2521,59.74,1
SKIL,EQ, 16-Oct-2020,2.65,2.7,2.7,2.55, 2.65,2.6,2.61,58973,1.54,68,43667,74.05,1
INDORAMA,EQ, 16-Oct-2020,21.95,21.55,22.35,21.3, 21.80,21.9,21.81,8265,1.8,126,4590,55.54,1
RUBYMILLS,EQ, 16-Oct-2020,156.1,153.7,158.85,153.7, 158.85,158.4,158.0,1540,2.43,60,952,61.82,1
INDOTECH,EQ, 16-Oct-2020,88.8,91.95,92.0,86.2, 88.50,88.0,87.99,2925,2.57,146,1709,58.43,1
CIMMCO,EQ, 16-Oct-2020,22.15,22.4,22.4,21.25, 21.50,21.5,21.71,7826,1.7,134,5463,69.81,1
KSK,EQ, 16-Oct-2020,0.35,0.35,0.4,0.3, 0.35,0.35,0.35,739460,2.61,226,520090,70.33,1
SICAL,EQ, 16-Oct-2020,9.9,9.9,10.35,9.6, 9.90,9.85,9.93,15832,1.57,97,13361,84.39,1
NBIFIN,EQ, 16-Oct-2020,1652.55,1630.1,1711.0,1630.1, 1699.90,1699.9,1671.63,134,2.24,10,108,80.6,1
LIBAS,EQ, 16-Oct-2020,32.15,31.4,33.85,31.0, 31.35,31.7,32.51,16117,5.24,195,5502,34.14,1
ASAL,EQ, 16-Oct-2020,20.55,21.25,21.55,20.1, 20.20,21.2,21.23,5560,1.18,29,5140,92.45,1
GOKULAGRO,EQ, 16-Oct-2020,13.5,13.95,14.0,13.1, 13.30,13.45,13.53,21724,2.94,139,11207,51.59,1
IVP,EQ, 16-Oct-2020,45.05,44.15,45.65,43.0, 43.10,43.1,43.88,3080,1.35,40,2932,95.19,1
INFRABEES,EQ, 16-Oct-2020,317.02,317.0,318.84,317.0, 318.75,318.75,317.66,625,1.99,6,621,99.36,1
SASTASUNDR,EQ, 16-Oct-2020,85.65,84.45,86.2,84.4, 86.20,85.65,86.01,1611,1.39,32,1265,78.52,1
LOVABLE,EQ, 16-Oct-2020,52.4,52.45,52.85,51.05, 52.10,52.2,52.05,7109,3.7,192,3616,50.87,1
AUSOMENT,EQ, 16-Oct-2020,42.55,42.9,43.05,41.55, 41.85,41.65,42.45,3693,1.57,88,2588,70.08,1
MAHASTEEL,EQ, 16-Oct-2020,101.5,101.45,101.6,98.8, 99.80,100.05,99.96,2874,2.87,69,1788,62.21,1
SEYAIND,EQ, 16-Oct-2020,66.95,68.45,68.8,66.15, 67.80,67.0,67.44,3602,2.43,115,1893,52.55,1
MALUPAPER,EQ, 16-Oct-2020,25.0,24.75,25.65,24.75, 24.75,24.95,25.1,17438,4.38,136,7711,44.22,1
AXISNIFTY,EQ, 16-Oct-2020,120.46,121.41,121.78,120.2, 120.83,121.25,121.2,2141,2.59,103,1246,58.2,1
KIRLOSIND,EQ, 16-Oct-2020,615.1,625.95,630.05,611.15, 620.00,622.25,620.85,577,3.58,138,297,51.47,1
BAGFILMS,EQ, 16-Oct-2020,2.45,2.5,2.55,2.4, 2.55,2.55,2.5,42126,1.05,41,40808,96.87,1
VIPCLOTHNG,EQ, 16-Oct-2020,8.9,9.0,9.15,8.75, 8.85,8.9,8.95,23189,2.08,129,19381,83.58,1
MANAKSTEEL,EQ, 16-Oct-2020,9.25,9.25,9.5,8.95, 9.30,9.2,9.21,16736,1.54,83,13851,82.76,1
WORTH,EQ, 16-Oct-2020,41.8,41.1,42.3,40.55, 41.50,41.5,41.44,2353,0.98,41,1328,56.44,0
ONEPOINT,EQ, 16-Oct-2020,10.6,10.6,10.95,10.55, 10.70,10.7,10.83,1088,0.12,15,1076,98.9,0
ONELIFECAP,EQ, 16-Oct-2020,5.7,5.85,5.85,5.7, 5.70,5.7,5.71,1490,0.09,4,1490,100.0,0
XPROINDIA,EQ, 16-Oct-2020,21.0,20.5,21.3,20.5, 20.50,20.5,21.09,425,0.09,4,425,100.0,0
TVVISION,EQ, 16-Oct-2020,1.45,1.45,1.45,1.4, 1.40,1.4,1.43,2053,0.03,9,2053,100.0,0
OMKARCHEM,EQ, 16-Oct-2020,6.0,5.75,6.3,5.75, 6.15,6.05,6.04,56002,3.38,155,12429,22.19,0
DQE,EQ, 16-Oct-2020,1.2,1.2,1.25,1.2, 1.25,1.25,1.23,1150,0.01,5,1150,100.0,0
GOLDENTOBC,EQ, 16-Oct-2020,22.65,22.65,22.65,21.55, 21.80,21.75,21.87,1965,0.43,39,1581,80.46,0
VHL,EQ, 16-Oct-2020,1228.8,1229.95,1250.0,1223.25, 1235.00,1235.0,1231.35,32,0.39,11,31,96.88,0
HILTON,EQ, 16-Oct-2020,9.25,9.05,9.5,8.8, 9.30,9.35,9.27,1272,0.12,18,1092,85.85,0
TOUCHWOOD,EQ, 16-Oct-2020,42.0,45.8,45.85,41.5, 43.75,43.75,43.27,1433,0.62,35,878,61.27,0
GILLANDERS,EQ, 16-Oct-2020,26.75,29.4,29.4,26.25, 28.00,27.25,27.7,685,0.19,18,255,37.23,0
MAGNUM,EQ, 16-Oct-2020,5.5,5.25,5.5,5.25, 5.25,5.25,5.27,13971,0.74,37,9873,70.67,0
OISL,EQ, 16-Oct-2020,2.65,2.6,2.75,2.55, 2.70,2.6,2.58,39488,1.02,48,31942,80.89,0
KRIDHANINF,EQ, 16-Oct-2020,3.05,3.2,3.2,3.0, 3.10,3.0,3.07,31837,0.98,71,26291,82.58,0
CNOVAPETRO,EQ, 16-Oct-2020,5.9,6.15,6.15,5.8, 5.80,5.8,6.15,1002,0.06,4,1000,99.8,0
LGBFORGE,EQ, 16-Oct-2020,2.35,2.3,2.4,2.3, 2.30,2.35,2.35,9458,0.22,21,9314,98.48,0
WILLAMAGOR,EQ, 16-Oct-2020,15.8,16.05,16.45,16.05, 16.45,16.45,16.17,1977,0.32,30,1147,58.02,0
AARVEEDEN,EQ, 16-Oct-2020,10.95,10.5,10.85,10.35, 10.50,10.4,10.48,4083,0.43,45,3630,88.91,0
OILCOUNTUB,EQ, 16-Oct-2020,3.85,3.95,3.95,3.8, 3.80,3.8,3.87,3962,0.15,24,2436,61.48,0
MANAKALUCO,EQ, 16-Oct-2020,7.5,7.55,7.55,7.5, 7.50,7.5,7.5,3532,0.27,19,3281,92.89,0
DPWIRES,EQ, 16-Oct-2020,63.5,65.9,65.9,58.25, 58.25,59.35,60.65,641,0.39,25,448,69.89,0
CCHHL,EQ, 16-Oct-2020,2.95,3.05,3.05,2.85, 2.95,2.95,2.97,26872,0.8,60,13974,52.0,0
LICNETFN50,EQ, 16-Oct-2020,121.49,118.3,125.0,118.3, 120.00,120.0,121.69,479,0.58,42,361,75.37,0
NEXTMEDIA,EQ, 16-Oct-2020,4.25,4.45,4.45,4.45, 4.45,4.45,4.45,2050,0.09,3,2000,97.56,0
NAGREEKEXP,EQ, 16-Oct-2020,13.8,14.05,14.1,13.05, 13.40,13.5,13.4,1219,0.16,24,1022,83.84,0
TPLPLASTEH,EQ, 16-Oct-2020,104.65,104.05,106.85,104.05, 106.85,105.4,105.4,1003,1.06,70,840,83.75,0
ZODJRDMKJ,EQ, 16-Oct-2020,23.7,24.55,24.55,23.45, 24.50,24.35,24.19,12,0.0,4,3,25.0,0
NETFNIF100,EQ, 16-Oct-2020,120.5,122.6,129.05,116.11, 118.15,118.15,120.99,964,1.17,42,316,32.78,0
TREJHARA,EQ, 16-Oct-2020,16.7,17.3,17.3,16.0, 17.00,16.7,16.58,5365,0.89,57,3521,65.63,0
ALCHEM,EQ, 16-Oct-2020,4.65,4.65,4.8,4.5, 4.60,4.6,4.64,9682,0.45,78,8548,88.29,0
ORIENTLTD,EQ, 16-Oct-2020,65.5,67.95,67.95,66.9, 66.90,66.95,66.96,38,0.03,5,38,100.0,0
NAHARCAP,EQ, 16-Oct-2020,63.5,65.0,65.0,61.4, 63.45,62.15,62.18,917,0.57,23,907,98.91,0
MANUGRAPH,EQ, 16-Oct-2020,8.25,8.25,8.6,8.05, 8.60,8.6,8.38,1688,0.14,68,1160,68.72,0
ORIENTHOT,EQ, 16-Oct-2020,19.6,20.0,20.3,19.5, 19.90,20.0,19.89,4755,0.95,72,3305,69.51,0
COMPUSOFT,EQ, 16-Oct-2020,7.25,7.25,7.35,7.05, 7.35,7.25,7.18,11487,0.83,91,4805,41.83,0
CASTEXTECH,EQ, 16-Oct-2020,0.55,0.6,0.6,0.6, 0.60,0.6,0.6,84307,0.51,52,84307,100.0,0
21STCENMGM,EQ, 16-Oct-2020,9.7,9.6,9.7,9.55, 9.55,9.55,9.58,900,0.09,11,500,55.56,0
ZENITHEXPO,EQ, 16-Oct-2020,39.95,43.0,43.0,39.9, 42.80,42.15,42.12,53,0.02,7,51,96.23,0
VIPULLTD,EQ, 16-Oct-2020,12.8,12.75,13.0,12.75, 12.90,12.9,12.86,1099,0.14,10,1049,95.45,0
VIJIFIN,EQ, 16-Oct-2020,0.5,0.55,0.55,0.45, 0.50,0.5,0.51,138645,0.71,54,37414,26.99,0
TTL,EQ, 16-Oct-2020,33.25,33.35,33.7,33.0, 33.40,33.05,33.19,2432,0.81,72,1409,57.94,0
ORIENTALTL,EQ, 16-Oct-2020,8.65,8.95,9.0,8.55, 8.70,8.65,8.66,5628,0.49,86,3468,61.62,0
NAHARSPING,EQ, 16-Oct-2020,37.9,39.55,39.75,37.7, 39.05,39.35,38.68,4736,1.83,117,2576,54.39,0
3PLAND,EQ, 16-Oct-2020,6.35,6.65,6.65,6.1, 6.60,6.6,6.2,613,0.04,11,562,91.68,0
MANAKCOAT,EQ, 16-Oct-2020,4.05,4.0,4.35,3.95, 4.00,4.0,4.03,9819,0.4,20,9463,96.37,0
AIRAN,EQ, 16-Oct-2020,11.3,11.7,11.7,11.1, 11.60,11.5,11.37,16555,1.88,121,6487,39.18,0
VARDMNPOLY,EQ, 16-Oct-2020,7.55,7.5,8.25,7.25, 8.25,8.1,7.82,15852,1.24,43,11857,74.8,0
GTL,EQ, 16-Oct-2020,3.2,3.05,3.05,3.05, 3.05,3.05,3.05,21450,0.65,46,21450,100.0,0
ABSLNN50ET,EQ, 16-Oct-2020,286.01,268.05,289.99,268.05, 287.00,283.94,281.97,1529,4.31,44,31,2.03,0
UTIBANKETF,EQ, 16-Oct-2020,231.11,234.0,237.08,231.32, 234.90,234.9,232.59,297,0.69,16,250,84.18,0
UTINEXT50,EQ, 16-Oct-2020,282.82,282.82,284.8,279.07, 280.00,280.0,281.36,229,0.64,28,221,96.51,0
VASWANI,EQ, 16-Oct-2020,4.35,4.25,4.55,4.15, 4.25,4.4,4.39,22715,1.0,141,21440,94.39,0
VSSL,EQ, 16-Oct-2020,69.95,69.9,72.9,69.9, 72.50,72.4,71.82,852,0.61,41,604,70.89,0
UTISENSETF,EQ, 16-Oct-2020,425.79,432.0,435.0,426.69, 427.25,427.25,428.45,282,1.21,38,231,81.91,0
LAMBODHARA,EQ, 16-Oct-2020,27.15,28.2,28.9,26.1, 27.70,27.45,27.22,10620,2.89,221,2784,26.21,0
NPBET,EQ, 16-Oct-2020,124.06,129.92,130.0,122.31, 124.11,128.49,126.19,353,0.45,13,179,50.71,0
KOTARISUG,EQ, 16-Oct-2020,13.55,13.65,14.1,13.6, 14.00,13.95,13.82,7116,0.98,82,6731,94.59,0
NETFDIVOPP,EQ, 16-Oct-2020,27.6,27.6,29.04,26.78, 28.58,28.58,27.46,752,0.21,11,549,73.01,0
MADHAV,EQ, 16-Oct-2020,23.75,25.4,25.4,23.85, 24.35,24.6,24.71,1858,0.46,21,952,51.24,0
NKIND,EQ, 16-Oct-2020,17.65,18.0,18.5,17.65, 17.65,18.0,18.22,1108,0.2,14,1108,100.0,0
NILASPACES,EQ, 16-Oct-2020,1.15,1.1,1.15,1.1, 1.15,1.15,1.13,126690,1.43,60,74808,59.05,0
GTNIND,EQ, 16-Oct-2020,7.25,6.75,7.65,6.75, 7.20,7.2,7.3,3026,0.22,43,2486,82.15,0
DIGISPICE,EQ, 16-Oct-2020,6.9,6.9,7.15,6.9, 7.10,7.1,7.05,392,0.03,15,219,55.87,0
KOTHARIPRO,EQ, 16-Oct-2020,57.6,58.7,59.05,58.4, 59.00,59.0,58.94,984,0.58,28,647,65.75,0
NETF,EQ, 16-Oct-2020,142.0,142.2,146.7,142.2, 146.70,146.7,143.43,22,0.03,7,17,77.27,0
NETFCONSUM,EQ, 16-Oct-2020,53.4,53.4,54.0,53.4, 53.99,53.98,53.71,890,0.48,22,704,79.1,0
AGRITECH,EQ, 16-Oct-2020,27.95,27.75,27.8,27.05, 27.80,27.3,27.43,2932,0.8,60,1838,62.69,0
DPSCLTD,EQ, 16-Oct-2020,12.75,13.0,13.35,12.3, 12.35,12.3,12.75,13669,1.74,94,7502,54.88,0
VARDHACRLC,EQ, 16-Oct-2020,29.25,28.8,29.7,28.15, 29.15,29.15,29.07,5304,1.54,75,3435,64.76,0
ABSLBANETF,EQ, 16-Oct-2020,229.26,223.45,228.53,222.72, 228.00,222.85,223.41,372,0.83,13,200,53.76,0
NECCLTD,EQ, 16-Oct-2020,7.75,7.7,8.0,7.6, 7.80,7.85,7.73,9673,0.75,40,8770,90.66,0
AARVI,EQ, 16-Oct-2020,37.95,37.95,40.0,37.9, 40.00,38.6,38.12,1903,0.73,15,1901,99.89,0
KUANTUM,EQ, 16-Oct-2020,42.1,40.6,42.45,40.6, 41.90,41.9,41.47,766,0.32,43,644,84.07,0
WELINV,EQ, 16-Oct-2020,251.0,251.55,252.0,251.55, 251.55,251.55,251.84,154,0.39,6,154,100.0,0
UMESLTD,EQ, 16-Oct-2020,1.15,1.1,1.2,1.1, 1.10,1.1,1.16,4798,0.06,17,3768,78.53,0
GKWLIMITED,EQ, 16-Oct-2020,447.2,447.2,466.0,447.2, 451.00,452.55,457.09,24,0.11,19,19,79.17,0
CEBBCO,EQ, 16-Oct-2020,14.5,14.2,14.7,14.1, 14.15,14.35,14.31,5678,0.81,71,5065,89.2,0
KREBSBIO,EQ, 16-Oct-2020,87.35,87.4,89.0,85.0, 89.00,87.8,87.58,1778,1.56,139,936,52.64,0
NIBL,EQ, 16-Oct-2020,5.85,6.0,6.0,5.7, 5.95,5.95,5.94,1603,0.1,9,1602,99.94,0
UNIENTER,EQ, 16-Oct-2020,63.1,61.5,63.15,61.5, 61.50,61.5,62.48,1912,1.19,44,1025,53.61,0
AHLWEST,EQ, 16-Oct-2020,262.85,262.8,262.8,251.05, 253.30,253.45,255.0,321,0.82,73,146,45.48,0
LFIC,EQ, 16-Oct-2020,58.5,58.5,60.45,58.5, 58.95,59.2,59.31,246,0.15,7,246,100.0,0
WEIZMANIND,EQ, 16-Oct-2020,30.85,31.45,31.95,28.7, 29.05,29.7,30.46,7923,2.41,48,2750,34.71,0
ADROITINFO,EQ, 16-Oct-2020,7.9,8.25,8.25,8.25, 8.25,8.25,8.25,2312,0.19,28,2311,99.96,0
DONEAR,EQ, 16-Oct-2020,24.6,24.75,25.25,24.6, 24.85,24.8,24.82,8231,2.04,68,2517,30.58,0
UNIVASTU,EQ, 16-Oct-2020,31.15,31.05,31.95,31.0, 31.50,31.5,31.39,69,0.02,18,58,84.06,0
NDGL,EQ, 16-Oct-2020,599.15,599.6,625.35,590.0, 615.00,599.85,605.82,224,1.36,59,103,45.98,0
CELEBRITY,EQ, 16-Oct-2020,4.55,4.75,4.75,4.5, 4.65,4.65,4.59,25258,1.16,169,14297,56.6,0
ADVANIHOTR,EQ, 16-Oct-2020,40.9,41.75,42.0,40.3, 40.50,40.95,41.38,1694,0.7,61,1073,63.34,0
NDRAUTO,EQ, 16-Oct-2020,124.9,124.95,129.4,122.0, 124.70,124.85,124.43,1244,1.55,80,739,59.41,0
GOKUL,EQ, 16-Oct-2020,12.2,12.45,12.5,12.25, 12.25,12.35,12.37,8460,1.05,58,7241,85.59,0
GLFL,EQ, 16-Oct-2020,2.2,2.2,2.3,2.1, 2.20,2.1,2.18,4588,0.1,17,4578,99.78,0
NIFTYEES,EQ, 16-Oct-2020,15500.0,15100.0,15558.0,15100.0, 15200.00,15200.0,15339.14,7,1.07,7,2,28.57,0
MANGTIMBER,EQ, 16-Oct-2020,6.5,6.25,6.5,6.25, 6.35,6.35,6.3,4639,0.29,8,4639,100.0,0
CHEMFAB,EQ, 16-Oct-2020,129.2,130.95,132.0,128.3, 129.00,129.0,129.66,1057,1.37,58,572,54.12,0
SETF10GILT,EQ, 16-Oct-2020,198.56,199.6,201.98,197.8, 201.90,201.9,201.83,425,0.86,10,414,97.41,0
MUKANDENGG,EQ, 16-Oct-2020,8.4,8.4,8.9,8.4, 8.40,8.4,8.5,1433,0.12,23,1123,78.37,0
SABTN,EQ, 16-Oct-2020,1.35,1.35,1.35,1.3, 1.35,1.35,1.34,3156,0.04,13,3156,100.0,0
SITINET,EQ, 16-Oct-2020,1.05,1.0,1.0,1.0, 1.00,1.0,1.0,75688,0.76,112,75688,100.0,0
CUBEXTUB,EQ, 16-Oct-2020,11.65,11.35,11.65,11.3, 11.55,11.45,11.51,3062,0.35,21,2298,75.05,0
INDLMETER,EQ, 16-Oct-2020,13.65,13.7,14.0,13.7, 14.00,14.0,13.74,257,0.04,13,246,95.72,0
JBFIND,EQ, 16-Oct-2020,7.4,7.55,7.75,7.4, 7.75,7.65,7.57,22178,1.68,177,12434,56.06,0
EMKAY,EQ, 16-Oct-2020,57.05,56.1,57.3,56.1, 56.90,56.35,56.59,1717,0.97,51,1275,74.26,0
JINDALPHOT,EQ, 16-Oct-2020,12.35,12.5,13.35,12.1, 12.35,12.8,12.37,1679,0.21,28,1249,74.39,0
INDIANCARD,EQ, 16-Oct-2020,93.75,93.9,94.75,93.8, 93.85,93.85,93.89,961,0.9,15,911,94.8,0
EMAMIPAP,EQ, 16-Oct-2020,65.05,65.15,66.5,64.2, 64.45,64.8,64.89,1171,0.76,76,885,75.58,0
RKDL,EQ, 16-Oct-2020,6.25,6.75,6.75,6.35, 6.70,6.65,6.62,3916,0.26,19,2774,70.84,0
ELGIRUBCO,EQ, 16-Oct-2020,15.9,15.9,16.25,15.3, 16.20,16.2,15.66,3924,0.61,56,3490,88.94,0
MERCATOR,EQ, 16-Oct-2020,0.75,0.75,0.8,0.75, 0.75,0.8,0.78,126378,0.99,71,79600,62.99,0
SOMICONVEY,EQ, 16-Oct-2020,21.05,21.1,21.1,20.0, 20.75,20.75,20.5,3580,0.73,64,2725,76.12,0
REVATHI,EQ, 16-Oct-2020,430.0,441.05,441.05,420.4, 430.00,428.85,429.84,769,3.31,93,210,27.31,0
REMSONSIND,EQ, 16-Oct-2020,81.2,79.95,83.05,77.0, 77.00,79.7,80.32,757,0.61,33,689,91.02,0
LYPSAGEMS,EQ, 16-Oct-2020,2.75,2.7,2.8,2.5, 2.70,2.7,2.65,47381,1.25,100,31489,66.46,0
DELTAMAGNT,EQ, 16-Oct-2020,18.05,18.05,18.75,17.3, 18.00,17.95,17.96,2602,0.47,86,2187,84.05,0
IMAGICAA,EQ, 16-Oct-2020,4.0,3.9,4.0,3.85, 3.95,3.9,3.93,29384,1.15,95,23421,79.71,0
JMA,EQ, 16-Oct-2020,26.05,25.65,26.7,25.6, 26.20,25.9,26.04,1427,0.37,39,559,39.17,0
SPCENET,EQ, 16-Oct-2020,1.1,1.1,1.1,1.1, 1.10,1.1,1.1,500,0.01,1,500,100.0,0
BALKRISHNA,EQ, 16-Oct-2020,12.85,12.3,13.4,12.3, 13.00,13.0,13.03,5337,0.7,64,3822,71.61,0
SPMLINFRA,EQ, 16-Oct-2020,8.3,9.0,9.0,8.05, 8.60,8.45,8.35,1873,0.16,36,881,47.04,0
BANG,EQ, 16-Oct-2020,20.15,19.85,20.3,19.0, 20.30,19.35,19.46,5021,0.98,92,4450,88.63,0
BASML,EQ, 16-Oct-2020,84.95,85.05,88.0,84.65, 88.00,87.9,86.24,521,0.45,77,240,46.07,0
JPOLYINVST,EQ, 16-Oct-2020,11.85,11.1,12.2,11.1, 11.50,11.75,11.58,1222,0.14,8,622,50.9,0
ARTEMISMED,EQ, 16-Oct-2020,151.65,156.9,158.0,153.1, 157.50,155.95,156.64,556,0.87,41,441,79.32,0
DHARSUGAR,EQ, 16-Oct-2020,4.45,4.25,4.6,4.25, 4.55,4.55,4.57,10125,0.46,21,10098,99.73,0
SRPL,EQ, 16-Oct-2020,32.0,32.0,33.3,32.0, 33.00,33.0,32.69,4125,1.35,20,1328,32.19,0
IDFNIFTYET,EQ, 16-Oct-2020,119.7,123.9,123.9,118.96, 121.90,121.9,121.79,21,0.03,12,15,71.43,0
ARROWGREEN,EQ, 16-Oct-2020,48.35,50.75,50.75,48.0, 48.00,48.05,48.53,1813,0.88,133,1141,62.93,0
MORARJEE,EQ, 16-Oct-2020,9.7,9.05,9.8,9.05, 9.50,9.3,9.28,512,0.05,23,441,86.13,0
SIMBHALS,EQ, 16-Oct-2020,6.25,6.5,6.5,5.95, 6.05,6.1,6.18,7926,0.49,24,7070,89.2,0
MARALOVER,EQ, 16-Oct-2020,12.75,12.5,12.95,12.2, 12.60,12.7,12.66,4105,0.52,39,3481,84.8,0
SILLYMONKS,EQ, 16-Oct-2020,24.35,26.7,26.7,23.55, 25.65,25.55,25.29,1697,0.43,51,523,30.82,0
EXCEL,EQ, 16-Oct-2020,1.2,1.25,1.25,1.15, 1.15,1.15,1.23,46606,0.57,43,40768,87.47,0
INSPIRISYS,EQ, 16-Oct-2020,27.35,27.35,27.85,27.05, 27.10,27.1,27.11,1839,0.5,39,1833,99.67,0
SEPOWER,EQ, 16-Oct-2020,2.15,2.25,2.25,2.05, 2.25,2.2,2.17,2649,0.06,32,2446,92.34,0
SETUINFRA,EQ, 16-Oct-2020,0.7,0.75,0.75,0.7, 0.75,0.75,0.73,26176,0.19,25,26106,99.73,0
SGL,EQ, 16-Oct-2020,7.65,7.85,7.85,7.05, 7.55,7.55,7.56,6844,0.52,52,5509,80.49,0
SHAHALLOYS,EQ, 16-Oct-2020,6.35,6.9,6.95,6.35, 6.35,6.35,6.74,2650,0.18,9,2150,81.13,0
EQ30,EQ, 16-Oct-2020,343.12,359.99,359.99,342.01, 347.48,347.48,349.11,38,0.13,10,36,94.74,0
SBIETFQLTY,EQ, 16-Oct-2020,108.0,109.2,109.45,106.6, 108.18,108.11,107.94,302,0.33,45,242,80.13,0
AUTOLITIND,EQ, 16-Oct-2020,17.9,18.45,18.45,17.6, 18.20,17.7,17.82,720,0.13,33,584,81.11,0
MOHOTAIND,EQ, 16-Oct-2020,9.0,8.85,9.35,8.2, 8.50,8.35,8.59,4923,0.42,49,4207,85.46,0
ENERGYDEV,EQ, 16-Oct-2020,4.9,4.8,5.35,4.7, 5.00,4.95,5.0,12797,0.64,61,8506,66.47,0
IVZINGOLD,EQ, 16-Oct-2020,4600.0,4565.0,4568.0,4565.0, 4568.00,4568.0,4565.5,6,0.27,2,6,100.0,0
INFOMEDIA,EQ, 16-Oct-2020,3.35,3.5,3.5,3.35, 3.50,3.5,3.47,8418,0.29,20,8418,100.0,0
SHIRPUR-G,EQ, 16-Oct-2020,7.5,7.65,7.65,7.3, 7.30,7.35,7.48,11494,0.86,66,9367,81.49,0
COUNCODOS,EQ, 16-Oct-2020,1.95,2.1,2.1,2.1, 2.10,2.1,2.1,33420,0.7,19,33420,100.0,0
SHIVAMILLS,EQ, 16-Oct-2020,23.6,23.6,23.85,22.85, 23.00,23.0,23.21,1787,0.41,42,1767,98.88,0
SAMBHAAV,EQ, 16-Oct-2020,1.65,1.75,1.8,1.65, 1.80,1.8,1.77,47314,0.84,75,46163,97.57,0
SALSTEEL,EQ, 16-Oct-2020,2.6,2.6,2.7,2.45, 2.65,2.6,2.55,6746,0.17,57,3281,48.64,0
SALONA,EQ, 16-Oct-2020,48.15,49.85,54.8,49.85, 50.00,53.65,50.98,709,0.36,22,587,82.79,0
IVZINNIFTY,EQ, 16-Oct-2020,1307.32,1300.0,1300.0,1256.6, 1259.45,1258.7,1265.93,56,0.71,17,5,8.93,0
SHREERAMA,EQ, 16-Oct-2020,7.0,7.2,7.2,6.7, 7.00,6.95,6.84,5804,0.4,34,4105,70.73,0
INDOWIND,EQ, 16-Oct-2020,2.7,2.75,2.85,2.5, 2.85,2.85,2.7,50139,1.35,103,28721,57.28,0
SAKHTISUG,EQ, 16-Oct-2020,7.8,8.1,8.1,7.75, 7.90,7.9,7.91,9921,0.79,69,7452,75.11,0
INDOTHAI,EQ, 16-Oct-2020,16.05,15.5,16.85,15.25, 16.35,16.35,16.15,3627,0.59,57,3203,88.31,0
JAIBALAJI,EQ, 16-Oct-2020,15.5,15.95,15.95,14.75, 15.80,15.8,15.28,3351,0.51,57,2477,73.92,0
SHYAMCENT,EQ, 16-Oct-2020,3.6,3.6,3.75,3.5, 3.75,3.75,3.7,7387,0.27,31,5287,71.57,0
SICAGEN,EQ, 16-Oct-2020,11.4,11.2,11.75,10.9, 11.70,11.5,11.4,6033,0.69,84,3630,60.17,0
ASIANHOTNR,EQ, 16-Oct-2020,49.3,50.05,51.4,49.45, 50.30,50.4,50.75,645,0.33,35,403,62.48,0
SIGIND,EQ, 16-Oct-2020,19.35,19.75,19.75,19.25, 19.30,19.3,19.46,4388,0.85,10,4386,99.95,0
MCL,EQ, 16-Oct-2020,66.9,68.0,68.0,62.3, 67.55,66.65,66.29,2228,1.48,54,1474,66.16,0
MOTOGENFIN,EQ, 16-Oct-2020,14.7,14.65,15.15,13.95, 14.85,14.85,14.27,410,0.06,32,379,92.44,0
RAMANEWS,EQ, 16-Oct-2020,12.85,13.25,13.25,12.55, 12.75,12.9,12.89,9558,1.23,73,6647,69.54,0
STEELCITY,EQ, 16-Oct-2020,30.55,29.9,31.4,29.85, 29.90,30.2,30.18,2460,0.74,35,2121,86.22,0
ANSALAPI,EQ, 16-Oct-2020,4.1,4.15,4.15,3.9, 3.95,4.0,4.03,23825,0.96,77,20572,86.35,0
BSELINFRA,EQ, 16-Oct-2020,1.05,1.05,1.05,1.0, 1.00,1.0,1.01,99456,1.01,23,42169,42.4,0
TCIDEVELOP,EQ, 16-Oct-2020,298.0,296.0,307.15,294.55, 299.50,299.5,300.41,231,0.69,28,168,72.73,0
TCPLPACK,EQ, 16-Oct-2020,360.55,358.05,364.7,358.0, 364.70,361.2,359.48,377,1.36,34,273,72.41,0
HOVS,EQ, 16-Oct-2020,32.25,32.25,33.0,31.25, 32.20,32.55,32.61,2021,0.66,61,1539,76.15,0
BSLNIFTY,EQ, 16-Oct-2020,128.69,125.95,129.85,125.95, 128.34,128.34,129.05,75,0.1,12,53,70.67,0
M50,EQ, 16-Oct-2020,114.9,112.6,115.91,112.6, 115.91,115.91,114.73,228,0.26,16,209,91.67,0
BURNPUR,EQ, 16-Oct-2020,1.25,1.2,1.25,1.2, 1.25,1.25,1.21,31782,0.39,75,28469,89.58,0
ATLANTA,EQ, 16-Oct-2020,6.6,6.45,6.65,6.1, 6.35,6.35,6.28,7143,0.45,54,5180,72.52,0
MSPL,EQ, 16-Oct-2020,6.2,6.2,6.4,6.0, 6.00,6.1,6.11,2149,0.13,12,2132,99.21,0
CAPTRUST,EQ, 16-Oct-2020,58.25,56.1,58.9,56.1, 56.15,56.35,56.7,1307,0.74,94,752,57.54,0
HNGSNGBEES,EQ, 16-Oct-2020,300.18,307.79,307.8,307.0, 307.00,307.22,307.53,282,0.87,17,201,71.28,0
TGBHOTELS,EQ, 16-Oct-2020,5.95,6.1,6.15,5.7, 5.90,5.85,5.89,20815,1.23,72,12952,62.22,0
KEYFINSERV,EQ, 16-Oct-2020,36.95,34.05,37.85,34.05, 37.75,37.75,37.4,62,0.02,7,35,56.45,0
DBSTOCKBRO,EQ, 16-Oct-2020,8.55,8.4,9.0,8.4, 9.00,9.0,8.56,221,0.02,4,161,72.85,0
AMDIND,EQ, 16-Oct-2020,15.9,15.55,16.15,15.3, 15.80,15.55,15.57,5540,0.86,83,3661,66.08,0
DCM,EQ, 16-Oct-2020,17.35,16.65,17.9,16.65, 17.55,17.5,17.47,2468,0.43,62,1414,57.29,0
PATSPINLTD,EQ, 16-Oct-2020,4.25,4.05,4.05,4.05, 4.05,4.05,4.05,165,0.01,4,165,100.0,0
PARSVNATH,EQ, 16-Oct-2020,2.35,2.3,2.45,2.3, 2.45,2.45,2.42,23753,0.57,45,21951,92.41,0
TIJARIA,EQ, 16-Oct-2020,5.45,5.7,5.7,4.95, 4.95,5.05,5.13,18292,0.94,37,16670,91.13,0
KICL,EQ, 16-Oct-2020,1291.95,1300.05,1305.95,1267.0, 1267.70,1271.75,1276.03,67,0.85,22,40,59.7,0
TIMESGTY,EQ, 16-Oct-2020,21.65,22.75,23.25,20.55, 21.35,21.7,21.96,1545,0.34,40,439,28.41,0
LICNFNHGP,EQ, 16-Oct-2020,118.36,120.97,122.0,118.65, 119.52,120.89,121.23,42,0.05,18,20,47.62,0
DCMNVL,EQ, 16-Oct-2020,25.0,24.2,25.2,23.2, 24.30,23.85,23.92,3135,0.75,111,2208,70.43,0
LICNETFSEN,EQ, 16-Oct-2020,412.53,427.0,427.97,413.57, 416.00,416.0,420.03,158,0.66,37,47,29.75,0
ALMONDZ,EQ, 16-Oct-2020,11.1,11.1,11.45,11.0, 11.35,11.35,11.12,1182,0.13,21,1131,95.69,0
TIRUPATIFL,EQ, 16-Oct-2020,25.3,25.0,25.7,23.6, 25.70,25.2,25.12,636,0.16,30,586,92.14,0
PALASHSECU,EQ, 16-Oct-2020,30.5,32.0,32.0,31.0, 31.00,31.0,31.28,886,0.28,5,886,100.0,0
TMRVL,EQ, 16-Oct-2020,8.75,9.0,9.0,8.6, 8.70,8.7,8.74,14300,1.25,182,9112,63.72,0
ANSALHSG,EQ, 16-Oct-2020,3.75,3.65,3.9,3.65, 3.70,3.8,3.8,6233,0.24,28,4334,69.53,0
IBMFNIFTY,EQ, 16-Oct-2020,120.51,120.6,122.85,120.55, 120.55,120.55,121.08,68,0.08,12,48,70.59,0
PIONEEREMB,EQ, 16-Oct-2020,19.55,19.5,19.85,19.5, 19.85,19.6,19.6,1379,0.27,25,667,48.37,0
ARCHIES,EQ, 16-Oct-2020,11.75,12.2,12.2,11.4, 11.65,11.6,11.66,5185,0.6,43,4134,79.73,0
BCP,EQ, 16-Oct-2020,4.7,4.65,4.75,4.6, 4.70,4.6,4.65,17923,0.83,70,17222,96.09,0
AROGRANITE,EQ, 16-Oct-2020,24.25,24.5,25.05,23.35, 24.90,24.55,24.65,2888,0.71,54,1888,65.37,0
RAJSREESUG,EQ, 16-Oct-2020,12.6,12.6,12.8,12.1, 12.30,12.3,12.35,7319,0.9,48,3707,50.65,0
BHAGYANGR,EQ, 16-Oct-2020,17.0,17.2,17.2,16.85, 16.85,16.85,16.97,1329,0.23,11,1328,99.92,0
BHAGYAPROP,EQ, 16-Oct-2020,23.4,23.35,23.35,20.65, 22.85,22.85,22.65,3394,0.77,35,3075,90.6,0
ARIHANT,EQ, 16-Oct-2020,16.3,16.3,16.6,15.6, 16.60,16.6,15.68,72,0.01,7,71,98.61,0
SUMIT,EQ, 16-Oct-2020,8.65,9.0,9.0,8.5, 8.85,8.8,8.57,3072,0.26,28,2177,70.87,0
SUNDARAM,EQ, 16-Oct-2020,1.15,1.15,1.2,1.1, 1.15,1.1,1.13,292864,3.3,173,80711,27.56,0
BHARATWIRE,EQ, 16-Oct-2020,23.45,23.4,23.6,23.1, 23.50,23.5,23.33,3406,0.79,39,2198,64.53,0
SUNDRMBRAK,EQ, 16-Oct-2020,229.4,237.95,238.0,228.2, 230.00,229.45,230.41,505,1.16,36,297,58.81,0
GALLISPAT,EQ, 16-Oct-2020,27.3,27.3,27.9,26.5, 27.75,27.75,27.46,3905,1.07,31,2484,63.61,0
BILENERGY,EQ, 16-Oct-2020,0.75,0.8,0.8,0.75, 0.80,0.8,0.78,131609,1.03,94,110403,83.89,0
ARENTERP,EQ, 16-Oct-2020,10.3,10.3,11.25,9.5, 9.80,10.05,10.33,9753,1.01,52,2107,21.6,0
BINDALAGRO,EQ, 16-Oct-2020,11.4,11.25,11.55,11.0, 11.30,11.3,11.26,7708,0.87,88,5922,76.83,0
GANGESSECU,EQ, 16-Oct-2020,46.55,50.65,50.65,46.9, 47.50,47.2,48.41,3997,1.94,41,971,24.29,0
SUPERSPIN,EQ, 16-Oct-2020,3.3,3.4,3.45,3.2, 3.40,3.35,3.3,19908,0.66,38,19129,96.09,0
PRAKASHSTL,EQ, 16-Oct-2020,0.55,0.6,0.6,0.55, 0.55,0.55,0.56,76817,0.43,49,59507,77.47,0
EBANK,EQ, 16-Oct-2020,2525.0,2560.0,2651.54,2560.0, 2602.00,2602.0,2593.14,8,0.21,6,4,50.0,0
SURANASOL,EQ, 16-Oct-2020,6.85,6.85,6.9,6.75, 6.85,6.85,6.78,2176,0.15,25,2116,97.24,0
PRAENG,EQ, 16-Oct-2020,6.55,6.55,6.9,6.5, 6.50,6.6,6.66,3274,0.22,43,2546,77.76,0
CONSOFINVT,EQ, 16-Oct-2020,31.65,33.0,36.0,31.2, 34.00,33.95,34.03,2603,0.89,37,1625,62.43,0
MRO-TEK,EQ, 16-Oct-2020,19.4,19.4,20.35,18.55, 20.35,20.35,20.21,1709,0.35,25,1664,97.37,0
GANDHITUBE,EQ, 16-Oct-2020,209.45,211.25,212.0,208.0, 210.00,210.0,209.91,331,0.69,38,156,47.13,0
KANANIIND,EQ, 16-Oct-2020,4.45,4.65,4.65,4.25, 4.55,4.5,4.37,23481,1.03,121,19332,82.33,0
KAPSTON,EQ, 16-Oct-2020,103.25,101.5,104.9,100.0, 100.00,101.4,101.6,703,0.71,108,426,60.6,0
KARMAENG,EQ, 16-Oct-2020,9.25,9.65,9.65,9.5, 9.65,9.65,9.6,3,0.0,3,1,33.33,0
PNC,EQ, 16-Oct-2020,12.65,12.85,12.85,12.7, 12.70,12.75,12.81,1157,0.15,12,957,82.71,0
DUCON,EQ, 16-Oct-2020,3.9,3.75,4.0,3.75, 4.00,3.95,3.93,25374,1.0,116,14674,57.83,0
GENUSPAPER,EQ, 16-Oct-2020,4.7,4.7,4.7,4.6, 4.65,4.6,4.65,14412,0.67,61,12690,88.05,0
